Iteration 0

setting environment up
running sfold binary

Sfold Executable Code for Academic Users, Version 2.2-20110126
 Running partition function and statistical sampling module... done
 (general output in /home/chris/devtree/pseudoKnot_research/output/sfold.out)
 Running structure clustering module... done
 (general output in /home/chris/devtree/pseudoKnot_research/output/sclass.out)
Process completed. See output files in '/home/chris/devtree/pseudoKnot_research/output'.

running sampling algorithm
beginning Burn in iterations

Centroid Structure
Length:
 37
Pairs:
 [(1, 43), (2, 42), (3, 41), (4, 40), (5, 39), (6, 38), (7, 37), (8, 36), (9, 35), (10, 34), (11, 33), (12, 28), (13, 27), (14, 26), (15, 25), (16, 24), (44, 112), (45, 111), (46, 73), (47, 72), (48, 71), (49, 70), (50, 69), (51, 68), (52, 67), (53, 66), (54, 65), (55, 64), (56, 63), (57, 62), (78, 95), (79, 94), (80, 93), (81, 92), (82, 91), (83, 90), (84, 89)]
Pairs:
 [1, 43, 2, 42, 3, 41, 4, 40, 5, 39, 6, 38, 7, 37, 8, 36, 9, 35, 10, 34, 11, 33, 12, 28, 13, 27, 14, 26, 15, 25, 16, 24, 44, 112, 45, 111, 46, 73, 47, 72, 48, 71, 49, 70, 50, 69, 51, 68, 52, 67, 53, 66, 54, 65, 55, 64, 56, 63, 57, 62, 78, 95, 79, 94, 80, 93, 81, 92, 82, 91, 83, 90, 84, 89]
Dot Bracket:
 .((((((((((((((((.......)))))....)))))))))))((((((((((((((....))))))))))))....(((((((....)))))))...............))
113


Iteration 1


setting environment up
running sampling algorithm
beginning Burn in iterations

Centroid Structure
Length:
 40
Pairs:
 [(1, 43), (2, 42), (3, 41), (4, 40), (5, 39), (6, 38), (7, 37), (8, 36), (9, 35), (10, 30), (11, 33), (12, 28), (13, 27), (14, 26), (15, 25), (18, 22), (44, 112), (45, 111), (46, 73), (47, 72), (48, 71), (49, 70), (50, 69), (51, 68), (52, 67), (53, 66), (54, 65), (55, 64), (56, 63), (57, 62), (76, 97), (78, 95), (79, 94), (80, 93), (81, 92), (82, 91), (83, 90), (84, 89), (100, 107), (101, 106)]
Pairs:
 [1, 43, 2, 42, 3, 41, 4, 40, 5, 39, 6, 38, 7, 37, 8, 36, 9, 35, 10, 30, 11, 33, 12, 28, 13, 27, 14, 26, 15, 25, 18, 22, 44, 112, 45, 111, 46, 73, 47, 72, 48, 71, 49, 70, 50, 69, 51, 68, 52, 67, 53, 66, 54, 65, 55, 64, 56, 63, 57, 62, 76, 97, 78, 95, 79, 94, 80, 93, 81, 92, 82, 91, 83, 90, 84, 89, 100, 107, 101, 106]
Dot Bracket:
 .(((((((((([[[[[..[...]..]]]].)..].)))))))))[[[[[[[[[[[[[[....]]]]]]]]]]]]..[.[[[[[[[....]]]]]]].]..[[....]]...]]
113


Iteration 2


setting environment up
running sampling algorithm
beginning Burn in iterations

Centroid Structure
Length:
 38
Pairs:
 [(1, 43), (2, 42), (3, 41), (4, 40), (5, 39), (6, 38), (7, 37), (8, 36), (9, 35), (10, 34), (11, 29), (12, 28), (13, 27), (14, 26), (15, 25), (17, 24), (44, 77), (46, 73), (47, 72), (48, 71), (49, 70), (50, 69), (51, 68), (52, 67), (53, 66), (54, 65), (55, 64), (56, 63), (57, 62), (78, 95), (79, 94), (80, 93), (81, 92), (82, 91), (83, 90), (84, 89), (96, 110), (97, 109)]
Pairs:
 [1, 43, 2, 42, 3, 41, 4, 40, 5, 39, 6, 38, 7, 37, 8, 36, 9, 35, 10, 34, 11, 29, 12, 28, 13, 27, 14, 26, 15, 25, 17, 24, 44, 77, 46, 73, 47, 72, 48, 71, 49, 70, 50, 69, 51, 68, 52, 67, 53, 66, 54, 65, 55, 64, 56, 63, 57, 62, 78, 95, 79, 94, 80, 93, 81, 92, 82, 91, 83, 90, 84, 89, 96, 110, 97, 109]
Dot Bracket:
 .(((((((((((((((.(......))))))....))))))))))(.((((((((((((....))))))))))))...)(((((((....)))))))((...........))..
113


Iteration 3


setting environment up
running sampling algorithm
beginning Burn in iterations

Centroid Structure
Length:
 37
Pairs:
 [(1, 43), (2, 42), (3, 41), (4, 40), (5, 39), (6, 38), (7, 37), (8, 36), (9, 35), (10, 34), (11, 29), (12, 28), (13, 27), (14, 26), (15, 25), (17, 24), (46, 73), (47, 72), (48, 71), (49, 70), (50, 69), (51, 68), (52, 67), (53, 66), (54, 65), (55, 64), (56, 63), (57, 62), (78, 95), (79, 94), (80, 93), (81, 92), (82, 91), (83, 90), (84, 89), (100, 107), (102, 106)]
Pairs:
 [1, 43, 2, 42, 3, 41, 4, 40, 5, 39, 6, 38, 7, 37, 8, 36, 9, 35, 10, 34, 11, 29, 12, 28, 13, 27, 14, 26, 15, 25, 17, 24, 46, 73, 47, 72, 48, 71, 49, 70, 50, 69, 51, 68, 52, 67, 53, 66, 54, 65, 55, 64, 56, 63, 57, 62, 78, 95, 79, 94, 80, 93, 81, 92, 82, 91, 83, 90, 84, 89, 100, 107, 102, 106]
Dot Bracket:
 .(((((((((((((((.(......))))))....))))))))))..((((((((((((....))))))))))))....(((((((....)))))))....(.(...)).....
113


Iteration 4


setting environment up
running sampling algorithm
beginning Burn in iterations

Centroid Structure
Length:
 35
Pairs:
 [(2, 42), (3, 41), (4, 40), (5, 39), (6, 38), (7, 37), (8, 36), (9, 35), (11, 33), (12, 28), (13, 27), (14, 26), (15, 25), (17, 24), (20, 30), (47, 72), (48, 71), (49, 70), (50, 69), (51, 68), (52, 67), (53, 66), (54, 65), (55, 64), (56, 63), (57, 62), (78, 95), (79, 94), (80, 93), (81, 92), (82, 91), (83, 90), (84, 89), (99, 108), (101, 106)]
Pairs:
 [2, 42, 3, 41, 4, 40, 5, 39, 6, 38, 7, 37, 8, 36, 9, 35, 11, 33, 12, 28, 13, 27, 14, 26, 15, 25, 17, 24, 20, 30, 47, 72, 48, 71, 49, 70, 50, 69, 51, 68, 52, 67, 53, 66, 54, 65, 55, 64, 56, 63, 57, 62, 78, 95, 79, 94, 80, 93, 81, 92, 82, 91, 83, 90, 84, 89, 99, 108, 101, 106]
Dot Bracket:
 ..((((((((.(((((.(..[...))))).]..).))))))))....[[[[[[[[[[[....]]]]]]]]]]].....[[[[[[[....]]]]]]]...[.[....].]....
113


Iteration 5


setting environment up
running sampling algorithm
beginning Burn in iterations

Centroid Structure
Length:
 39
Pairs:
 [(2, 42), (3, 41), (4, 40), (5, 39), (6, 38), (7, 37), (8, 36), (9, 35), (10, 30), (11, 29), (12, 28), (13, 27), (14, 26), (15, 25), (44, 112), (45, 111), (47, 72), (48, 71), (49, 70), (50, 69), (51, 68), (52, 67), (53, 66), (54, 65), (55, 64), (56, 63), (57, 62), (76, 99), (77, 98), (78, 95), (79, 94), (80, 93), (81, 92), (82, 91), (83, 90), (84, 89), (97, 109), (100, 108), (102, 106)]
Pairs:
 [2, 42, 3, 41, 4, 40, 5, 39, 6, 38, 7, 37, 8, 36, 9, 35, 10, 30, 11, 29, 12, 28, 13, 27, 14, 26, 15, 25, 44, 112, 45, 111, 47, 72, 48, 71, 49, 70, 50, 69, 51, 68, 52, 67, 53, 66, 54, 65, 55, 64, 56, 63, 57, 62, 76, 99, 77, 98, 78, 95, 79, 94, 80, 93, 81, 92, 82, 91, 83, 90, 84, 89, 97, 109, 100, 108, 102, 106]
Dot Bracket:
 ..((((((((((((((.........))))))....)))))))).((.(((((((((((....)))))))))))...(((((((((....))))))).[))[.[...].]].))
113


Iteration 6


setting environment up
running sampling algorithm
beginning Burn in iterations

Centroid Structure
Length:
 36
Pairs:
 [(2, 42), (3, 41), (4, 40), (5, 39), (6, 38), (7, 37), (8, 36), (9, 35), (10, 30), (11, 29), (12, 28), (13, 27), (14, 26), (15, 25), (45, 76), (46, 73), (47, 72), (48, 71), (49, 70), (50, 69), (51, 68), (52, 67), (53, 66), (54, 65), (55, 64), (56, 63), (57, 62), (78, 95), (79, 94), (80, 93), (81, 92), (82, 91), (83, 90), (84, 89), (99, 108), (100, 107)]
Pairs:
 [2, 42, 3, 41, 4, 40, 5, 39, 6, 38, 7, 37, 8, 36, 9, 35, 10, 30, 11, 29, 12, 28, 13, 27, 14, 26, 15, 25, 45, 76, 46, 73, 47, 72, 48, 71, 49, 70, 50, 69, 51, 68, 52, 67, 53, 66, 54, 65, 55, 64, 56, 63, 57, 62, 78, 95, 79, 94, 80, 93, 81, 92, 82, 91, 83, 90, 84, 89, 99, 108, 100, 107]
Dot Bracket:
 ..((((((((((((((.........))))))....))))))))..(((((((((((((....))))))))))))..).(((((((....)))))))...((......))....
113


Iteration 7


setting environment up
running sampling algorithm
beginning Burn in iterations

Centroid Structure
Length:
 42
Pairs:
 [(1, 43), (2, 42), (3, 41), (4, 40), (5, 39), (6, 38), (7, 37), (8, 36), (9, 35), (11, 33), (12, 28), (13, 27), (14, 26), (15, 25), (17, 24), (18, 23), (44, 75), (46, 73), (47, 72), (48, 71), (49, 70), (50, 69), (51, 68), (52, 67), (53, 66), (54, 65), (55, 64), (56, 63), (57, 62), (76, 112), (77, 111), (78, 95), (79, 94), (80, 93), (81, 92), (82, 91), (83, 90), (84, 89), (98, 110), (100, 108), (101, 107), (102, 106)]
Pairs:
 [1, 43, 2, 42, 3, 41, 4, 40, 5, 39, 6, 38, 7, 37, 8, 36, 9, 35, 11, 33, 12, 28, 13, 27, 14, 26, 15, 25, 17, 24, 18, 23, 44, 75, 46, 73, 47, 72, 48, 71, 49, 70, 50, 69, 51, 68, 52, 67, 53, 66, 54, 65, 55, 64, 56, 63, 57, 62, 76, 112, 77, 111, 78, 95, 79, 94, 80, 93, 81, 92, 82, 91, 83, 90, 84, 89, 98, 110, 100, 108, 101, 107, 102, 106]
Dot Bracket:
 .(((((((((.(((((.((....))))))....).)))))))))(.((((((((((((....)))))))))))).)(((((((((....)))))))..(.(((...))).)))
113


Iteration 8


setting environment up
running sampling algorithm
beginning Burn in iterations

Centroid Structure
Length:
 36
Pairs:
 [(1, 43), (2, 42), (3, 41), (4, 40), (5, 39), (6, 38), (7, 37), (8, 36), (9, 35), (10, 34), (11, 29), (12, 28), (13, 27), (14, 26), (15, 25), (45, 111), (46, 73), (47, 72), (48, 71), (49, 70), (50, 69), (51, 68), (52, 67), (53, 66), (54, 65), (55, 64), (56, 63), (57, 62), (78, 95), (79, 94), (80, 93), (81, 92), (82, 91), (83, 90), (84, 89), (101, 106)]
Pairs:
 [1, 43, 2, 42, 3, 41, 4, 40, 5, 39, 6, 38, 7, 37, 8, 36, 9, 35, 10, 34, 11, 29, 12, 28, 13, 27, 14, 26, 15, 25, 45, 111, 46, 73, 47, 72, 48, 71, 49, 70, 50, 69, 51, 68, 52, 67, 53, 66, 54, 65, 55, 64, 56, 63, 57, 62, 78, 95, 79, 94, 80, 93, 81, 92, 82, 91, 83, 90, 84, 89, 101, 106]
Dot Bracket:
 .(((((((((((((((.........)))))....)))))))))).(((((((((((((....))))))))))))....(((((((....))))))).....(....)....).
113


Iteration 9


setting environment up
running sampling algorithm
beginning Burn in iterations

Centroid Structure
Length:
 42
Pairs:
 [(1, 43), (2, 42), (3, 41), (4, 40), (5, 39), (6, 38), (7, 37), (8, 36), (9, 35), (10, 34), (11, 33), (14, 26), (15, 30), (16, 24), (18, 22), (19, 28), (20, 27), (44, 99), (45, 111), (46, 73), (47, 72), (48, 71), (49, 70), (50, 69), (51, 68), (52, 67), (53, 66), (54, 65), (55, 64), (56, 63), (57, 62), (75, 98), (78, 95), (79, 94), (80, 93), (81, 92), (82, 91), (83, 90), (84, 89), (100, 108), (101, 107), (102, 106)]
Pairs:
 [1, 43, 2, 42, 3, 41, 4, 40, 5, 39, 6, 38, 7, 37, 8, 36, 9, 35, 10, 34, 11, 33, 14, 26, 15, 30, 16, 24, 18, 22, 19, 28, 20, 27, 44, 99, 45, 111, 46, 73, 47, 72, 48, 71, 49, 70, 50, 69, 51, 68, 52, 67, 53, 66, 54, 65, 55, 64, 56, 63, 57, 62, 75, 98, 78, 95, 79, 94, 80, 93, 81, 92, 82, 91, 83, 90, 84, 89, 100, 108, 101, 107, 102, 106]
Dot Bracket:
 .(((((((((((..([[.[([.].].)]).]..)))))))))))([[[[[[[[[[[[[....]]]]]]]]]]]].[..[[[[[[[....]]]]]]]..])[[[...]]]..].
113


Iteration 10


setting environment up
running sampling algorithm
beginning Burn in iterations

Centroid Structure
Length:
 36
Pairs:
 [(2, 42), (3, 41), (4, 40), (5, 39), (6, 38), (7, 37), (8, 36), (9, 35), (11, 29), (12, 28), (13, 27), (14, 26), (15, 25), (17, 24), (46, 73), (47, 72), (48, 71), (49, 70), (50, 69), (51, 68), (52, 67), (53, 66), (54, 65), (55, 64), (56, 63), (57, 62), (76, 112), (78, 95), (79, 94), (80, 93), (81, 92), (82, 91), (83, 90), (84, 89), (99, 108), (100, 107)]
Pairs:
 [2, 42, 3, 41, 4, 40, 5, 39, 6, 38, 7, 37, 8, 36, 9, 35, 11, 29, 12, 28, 13, 27, 14, 26, 15, 25, 17, 24, 46, 73, 47, 72, 48, 71, 49, 70, 50, 69, 51, 68, 52, 67, 53, 66, 54, 65, 55, 64, 56, 63, 57, 62, 76, 112, 78, 95, 79, 94, 80, 93, 81, 92, 82, 91, 83, 90, 84, 89, 99, 108, 100, 107]
Dot Bracket:
 ..((((((((.(((((.(......)))))).....))))))))...((((((((((((....))))))))))))..(.(((((((....)))))))...((......))...)
113


Iteration 11


setting environment up
running sampling algorithm
beginning Burn in iterations

Centroid Structure
Length:
 40
Pairs:
 [(0, 97), (2, 42), (3, 41), (4, 40), (5, 39), (6, 38), (7, 37), (8, 36), (9, 35), (10, 30), (11, 29), (12, 28), (13, 27), (14, 26), (15, 25), (17, 24), (18, 23), (44, 77), (45, 76), (46, 73), (48, 71), (49, 70), (50, 69), (51, 68), (52, 67), (53, 66), (54, 65), (55, 64), (56, 63), (57, 62), (78, 95), (79, 94), (80, 93), (81, 92), (82, 91), (83, 90), (98, 112), (99, 111), (100, 108), (101, 107)]
Pairs:
 [0, 97, 2, 42, 3, 41, 4, 40, 5, 39, 6, 38, 7, 37, 8, 36, 9, 35, 10, 30, 11, 29, 12, 28, 13, 27, 14, 26, 15, 25, 17, 24, 18, 23, 44, 77, 45, 76, 46, 73, 48, 71, 49, 70, 50, 69, 51, 68, 52, 67, 53, 66, 54, 65, 55, 64, 56, 63, 57, 62, 78, 95, 79, 94, 80, 93, 81, 92, 82, 91, 83, 90, 98, 112, 99, 111, 100, 108, 101, 107]
Dot Bracket:
 (.((((((((((((((.((....))))))))....)))))))).(((.((((((((((....)))))))))).)..))((((((......)))))).)((((.....))..))
113


Iteration 12


setting environment up
running sampling algorithm
beginning Burn in iterations

Centroid Structure
Length:
 42
Pairs:
 [(1, 42), (3, 41), (4, 40), (5, 39), (6, 38), (7, 37), (8, 36), (9, 35), (10, 33), (11, 29), (12, 28), (13, 27), (14, 26), (15, 25), (17, 24), (18, 23), (44, 75), (45, 111), (46, 73), (47, 72), (48, 71), (49, 70), (50, 69), (51, 68), (52, 67), (53, 66), (54, 65), (55, 64), (56, 63), (57, 62), (76, 99), (77, 98), (78, 95), (79, 94), (80, 93), (81, 92), (82, 91), (83, 90), (84, 89), (100, 108), (101, 107), (102, 106)]
Pairs:
 [1, 42, 3, 41, 4, 40, 5, 39, 6, 38, 7, 37, 8, 36, 9, 35, 10, 33, 11, 29, 12, 28, 13, 27, 14, 26, 15, 25, 17, 24, 18, 23, 44, 75, 45, 111, 46, 73, 47, 72, 48, 71, 49, 70, 50, 69, 51, 68, 52, 67, 53, 66, 54, 65, 55, 64, 56, 63, 57, 62, 76, 99, 77, 98, 78, 95, 79, 94, 80, 93, 81, 92, 82, 91, 83, 90, 84, 89, 100, 108, 101, 107, 102, 106]
Dot Bracket:
 .(.(((((((((((((.((....)))))))...).)))))))).([[[[[[[[[[[[[....]]]]]]]]]]]].)[[[[[[[[[....]]]]]]]..]][[[...]]]..].
113


Iteration 13


setting environment up
running sampling algorithm
beginning Burn in iterations

Centroid Structure
Length:
 31
Pairs:
 [(2, 42), (3, 41), (4, 40), (5, 39), (6, 38), (7, 37), (8, 36), (9, 35), (12, 28), (13, 27), (14, 26), (15, 25), (46, 73), (47, 72), (48, 71), (49, 70), (50, 69), (51, 68), (52, 67), (53, 66), (54, 65), (55, 64), (56, 63), (57, 62), (78, 95), (79, 94), (80, 93), (81, 92), (82, 91), (83, 90), (84, 89)]
Pairs:
 [2, 42, 3, 41, 4, 40, 5, 39, 6, 38, 7, 37, 8, 36, 9, 35, 12, 28, 13, 27, 14, 26, 15, 25, 46, 73, 47, 72, 48, 71, 49, 70, 50, 69, 51, 68, 52, 67, 53, 66, 54, 65, 55, 64, 56, 63, 57, 62, 78, 95, 79, 94, 80, 93, 81, 92, 82, 91, 83, 90, 84, 89]
Dot Bracket:
 ..((((((((..((((.........))))......))))))))...((((((((((((....))))))))))))....(((((((....))))))).................
113


Iteration 14


setting environment up
running sampling algorithm
beginning Burn in iterations

Centroid Structure
Length:
 41
Pairs:
 [(1, 43), (2, 42), (3, 41), (4, 40), (5, 39), (6, 38), (7, 37), (8, 36), (9, 35), (10, 34), (14, 26), (15, 25), (17, 24), (21, 29), (22, 28), (23, 27), (46, 73), (47, 72), (48, 71), (49, 70), (50, 69), (51, 68), (52, 67), (53, 66), (54, 65), (55, 64), (56, 63), (57, 62), (76, 112), (77, 111), (78, 95), (79, 94), (80, 93), (81, 92), (82, 91), (83, 90), (84, 89), (98, 110), (99, 108), (100, 107), (101, 106)]
Pairs:
 [1, 43, 2, 42, 3, 41, 4, 40, 5, 39, 6, 38, 7, 37, 8, 36, 9, 35, 10, 34, 14, 26, 15, 25, 17, 24, 21, 29, 22, 28, 23, 27, 46, 73, 47, 72, 48, 71, 49, 70, 50, 69, 51, 68, 52, 67, 53, 66, 54, 65, 55, 64, 56, 63, 57, 62, 76, 112, 77, 111, 78, 95, 79, 94, 80, 93, 81, 92, 82, 91, 83, 90, 84, 89, 98, 110, 99, 108, 100, 107, 101, 106]
Dot Bracket:
 .((((((((((...((.(...[[[)))]]]....))))))))))..[[[[[[[[[[[[....]]]]]]]]]]]]..[[[[[[[[[....]]]]]]]..[[[[....]]].]]]
113


Iteration 15


setting environment up
running sampling algorithm
beginning Burn in iterations

Centroid Structure
Length:
 38
Pairs:
 [(1, 43), (2, 42), (3, 41), (4, 40), (5, 39), (6, 38), (7, 37), (8, 36), (9, 35), (11, 29), (12, 28), (13, 27), (14, 26), (16, 25), (17, 24), (18, 23), (44, 75), (46, 73), (47, 72), (48, 71), (49, 70), (50, 69), (51, 68), (52, 67), (53, 66), (54, 65), (55, 64), (56, 63), (57, 62), (76, 112), (78, 95), (79, 94), (80, 93), (81, 92), (82, 91), (83, 90), (84, 89), (100, 108)]
Pairs:
 [1, 43, 2, 42, 3, 41, 4, 40, 5, 39, 6, 38, 7, 37, 8, 36, 9, 35, 11, 29, 12, 28, 13, 27, 14, 26, 16, 25, 17, 24, 18, 23, 44, 75, 46, 73, 47, 72, 48, 71, 49, 70, 50, 69, 51, 68, 52, 67, 53, 66, 54, 65, 55, 64, 56, 63, 57, 62, 76, 112, 78, 95, 79, 94, 80, 93, 81, 92, 82, 91, 83, 90, 84, 89, 100, 108]
Dot Bracket:
 .(((((((((.((((.(((....))))))).....)))))))))(.((((((((((((....)))))))))))).)(.(((((((....)))))))....(.......)...)
113


Iteration 16


setting environment up
running sampling algorithm
beginning Burn in iterations

Centroid Structure
Length:
 39
Pairs:
 [(2, 42), (3, 41), (4, 40), (5, 39), (6, 38), (7, 37), (8, 36), (9, 35), (10, 34), (12, 28), (13, 27), (14, 26), (15, 25), (16, 24), (17, 29), (44, 77), (45, 76), (47, 72), (48, 71), (49, 70), (50, 69), (51, 68), (52, 67), (53, 66), (54, 65), (55, 64), (56, 63), (57, 62), (78, 95), (79, 94), (80, 93), (81, 92), (82, 91), (83, 90), (84, 89), (96, 110), (97, 109), (100, 107), (101, 106)]
Pairs:
 [2, 42, 3, 41, 4, 40, 5, 39, 6, 38, 7, 37, 8, 36, 9, 35, 10, 34, 12, 28, 13, 27, 14, 26, 15, 25, 16, 24, 17, 29, 44, 77, 45, 76, 47, 72, 48, 71, 49, 70, 50, 69, 51, 68, 52, 67, 53, 66, 54, 65, 55, 64, 56, 63, 57, 62, 78, 95, 79, 94, 80, 93, 81, 92, 82, 91, 83, 90, 84, 89, 96, 110, 97, 109, 100, 107, 101, 106]
Dot Bracket:
 ..(((((((((.((((([......)))))]....))))))))).[[.[[[[[[[[[[[....]]]]]]]]]]]...]][[[[[[[....]]]]]]][[..[[....]].]]..
113


Iteration 17


setting environment up
running sampling algorithm
beginning Burn in iterations

Centroid Structure
Length:
 39
Pairs:
 [(1, 43), (2, 42), (3, 41), (4, 40), (5, 39), (6, 38), (7, 37), (8, 36), (9, 35), (10, 34), (12, 28), (13, 27), (14, 26), (15, 25), (17, 24), (18, 23), (46, 73), (47, 72), (48, 71), (49, 70), (50, 69), (51, 68), (52, 67), (53, 66), (54, 65), (55, 64), (56, 63), (57, 62), (76, 112), (78, 95), (79, 94), (80, 93), (81, 92), (82, 91), (83, 90), (84, 89), (100, 108), (101, 107), (102, 106)]
Pairs:
 [1, 43, 2, 42, 3, 41, 4, 40, 5, 39, 6, 38, 7, 37, 8, 36, 9, 35, 10, 34, 12, 28, 13, 27, 14, 26, 15, 25, 17, 24, 18, 23, 46, 73, 47, 72, 48, 71, 49, 70, 50, 69, 51, 68, 52, 67, 53, 66, 54, 65, 55, 64, 56, 63, 57, 62, 76, 112, 78, 95, 79, 94, 80, 93, 81, 92, 82, 91, 83, 90, 84, 89, 100, 108, 101, 107, 102, 106]
Dot Bracket:
 .((((((((((.((((.((....)))))).....))))))))))..((((((((((((....))))))))))))..(.(((((((....)))))))....(((...)))...)
113


Iteration 18


setting environment up
running sampling algorithm
beginning Burn in iterations

Centroid Structure
Length:
 37
Pairs:
 [(1, 43), (2, 42), (3, 41), (4, 40), (5, 39), (6, 38), (7, 37), (8, 36), (9, 35), (10, 34), (11, 29), (12, 28), (13, 27), (14, 26), (15, 25), (18, 23), (44, 77), (46, 73), (47, 72), (48, 71), (49, 70), (50, 69), (51, 68), (52, 67), (53, 66), (54, 65), (55, 64), (56, 63), (57, 62), (78, 95), (79, 94), (80, 93), (81, 92), (82, 91), (83, 90), (84, 89), (100, 107)]
Pairs:
 [1, 43, 2, 42, 3, 41, 4, 40, 5, 39, 6, 38, 7, 37, 8, 36, 9, 35, 10, 34, 11, 29, 12, 28, 13, 27, 14, 26, 15, 25, 18, 23, 44, 77, 46, 73, 47, 72, 48, 71, 49, 70, 50, 69, 51, 68, 52, 67, 53, 66, 54, 65, 55, 64, 56, 63, 57, 62, 78, 95, 79, 94, 80, 93, 81, 92, 82, 91, 83, 90, 84, 89, 100, 107]
Dot Bracket:
 .(((((((((((((((..(....).)))))....))))))))))(.((((((((((((....))))))))))))...)(((((((....)))))))....(......).....
113


Iteration 19


setting environment up
running sampling algorithm
beginning Burn in iterations

Centroid Structure
Length:
 39
Pairs:
 [(1, 43), (2, 42), (3, 98), (4, 40), (5, 39), (6, 38), (7, 37), (8, 36), (9, 35), (10, 30), (11, 29), (12, 28), (13, 27), (14, 26), (15, 25), (16, 24), (18, 23), (46, 73), (47, 72), (48, 71), (49, 70), (50, 69), (51, 68), (52, 67), (53, 66), (54, 65), (55, 64), (56, 63), (57, 62), (78, 95), (79, 94), (80, 93), (81, 92), (82, 91), (83, 90), (84, 89), (99, 108), (100, 107), (101, 106)]
Pairs:
 [1, 43, 2, 42, 3, 98, 4, 40, 5, 39, 6, 38, 7, 37, 8, 36, 9, 35, 10, 30, 11, 29, 12, 28, 13, 27, 14, 26, 15, 25, 16, 24, 18, 23, 46, 73, 47, 72, 48, 71, 49, 70, 50, 69, 51, 68, 52, 67, 53, 66, 54, 65, 55, 64, 56, 63, 57, 62, 78, 95, 79, 94, 80, 93, 81, 92, 82, 91, 83, 90, 84, 89, 99, 108, 100, 107, 101, 106]
Dot Bracket:
 .(([[[[[[[[[[[[[[.[....]]]]]]]]....]]]]]].))..[[[[[[[[[[[[....]]]]]]]]]]]]....[[[[[[[....]]]]]]]..][[[....]]]....
113
