Iteration 0

setting environment up
running sfold binary

Sfold Executable Code for Academic Users, Version 2.2-20110126
 Running partition function and statistical sampling module... done
 (general output in /home/chris/devtree/pseudoKnot_research/output/sfold.out)
 Running structure clustering module... done
 (general output in /home/chris/devtree/pseudoKnot_research/output/sclass.out)
Process completed. See output files in '/home/chris/devtree/pseudoKnot_research/output'.

running sampling algorithm
beginning Burn in iterations

Centroid Structure
Length:
 36
Pairs:
 [(2, 74), (3, 73), (4, 72), (5, 71), (6, 70), (7, 69), (11, 30), (12, 29), (13, 28), (14, 27), (15, 26), (16, 25), (36, 67), (37, 66), (38, 65), (39, 64), (42, 58), (43, 57), (44, 56), (46, 54), (47, 53), (75, 96), (76, 95), (77, 94), (78, 93), (79, 92), (80, 91), (81, 90), (82, 89), (83, 88), (98, 113), (99, 112), (100, 111), (101, 110), (102, 109), (103, 108)]
Pairs:
 [2, 74, 3, 73, 4, 72, 5, 71, 6, 70, 7, 69, 11, 30, 12, 29, 13, 28, 14, 27, 15, 26, 16, 25, 36, 67, 37, 66, 38, 65, 39, 64, 42, 58, 43, 57, 44, 56, 46, 54, 47, 53, 75, 96, 76, 95, 77, 94, 78, 93, 79, 92, 80, 91, 81, 90, 82, 89, 83, 88, 98, 113, 99, 112, 100, 111, 101, 110, 102, 109, 103, 108]
Dot Bracket:
 ..((((((...((((((........)))))).....((((..(((.((.....)).))).....)))).))))))(((((((((....))))))))).((((((....))))))..
116


Iteration 1


setting environment up
running sampling algorithm
beginning Burn in iterations

Centroid Structure
Length:
 36
Pairs:
 [(1, 8), (2, 7), (18, 112), (19, 111), (20, 110), (21, 109), (22, 108), (23, 107), (24, 106), (36, 67), (37, 66), (38, 65), (39, 64), (40, 63), (41, 60), (43, 57), (44, 62), (45, 61), (46, 54), (47, 53), (48, 52), (49, 58), (51, 56), (69, 103), (70, 100), (72, 99), (73, 98), (75, 96), (76, 95), (77, 94), (78, 93), (79, 92), (80, 91), (81, 90), (82, 89), (83, 88)]
Pairs:
 [1, 8, 2, 7, 18, 112, 19, 111, 20, 110, 21, 109, 22, 108, 23, 107, 24, 106, 36, 67, 37, 66, 38, 65, 39, 64, 40, 63, 41, 60, 43, 57, 44, 62, 45, 61, 46, 54, 47, 53, 48, 52, 49, 58, 51, 56, 69, 103, 70, 100, 72, 99, 73, 98, 75, 96, 76, 95, 77, 94, 78, 93, 79, 92, 80, 91, 81, 90, 82, 89, 83, 88]
Dot Bracket:
 .((....)).........(((((((...........((((((.([[[[[(.(]]].))).)]]))))).((.((.(((((((((....))))))))).)))..)..)))))))...
116


Iteration 2


setting environment up
running sampling algorithm
beginning Burn in iterations

Centroid Structure
Length:
 38
Pairs:
 [(2, 74), (3, 73), (4, 72), (5, 71), (6, 70), (7, 69), (12, 29), (13, 28), (14, 27), (15, 26), (16, 25), (23, 107), (24, 106), (36, 67), (38, 65), (39, 64), (45, 61), (46, 54), (47, 53), (48, 52), (49, 58), (50, 57), (51, 56), (75, 96), (76, 95), (77, 94), (78, 93), (79, 92), (80, 91), (81, 90), (82, 89), (83, 88), (98, 113), (99, 112), (100, 111), (101, 110), (102, 109), (103, 108)]
Pairs:
 [2, 74, 3, 73, 4, 72, 5, 71, 6, 70, 7, 69, 12, 29, 13, 28, 14, 27, 15, 26, 16, 25, 23, 107, 24, 106, 36, 67, 38, 65, 39, 64, 45, 61, 46, 54, 47, 53, 48, 52, 49, 58, 50, 57, 51, 56, 75, 96, 76, 95, 77, 94, 78, 93, 79, 92, 80, 91, 81, 90, 82, 89, 83, 88, 98, 113, 99, 112, 100, 111, 101, 110, 102, 109, 103, 108]
Dot Bracket:
 ..((((((....(((((......[[)))))......[.[[.....[[[[(((]]].)))..]..]].].))))))(((((((((....))))))))).((((((..]]))))))..
116


Iteration 3


setting environment up
running sampling algorithm
beginning Burn in iterations

Centroid Structure
Length:
 41
Pairs:
 [(2, 74), (3, 73), (4, 72), (5, 71), (6, 70), (8, 68), (11, 30), (12, 29), (13, 28), (14, 27), (15, 26), (16, 25), (19, 111), (22, 108), (23, 107), (24, 106), (36, 67), (37, 66), (38, 65), (39, 64), (40, 63), (44, 56), (45, 61), (46, 54), (47, 60), (48, 59), (49, 58), (50, 57), (75, 96), (76, 95), (77, 94), (78, 93), (79, 92), (80, 91), (81, 90), (82, 89), (83, 88), (98, 113), (99, 112), (101, 110), (102, 109)]
Pairs:
 [2, 74, 3, 73, 4, 72, 5, 71, 6, 70, 8, 68, 11, 30, 12, 29, 13, 28, 14, 27, 15, 26, 16, 25, 19, 111, 22, 108, 23, 107, 24, 106, 36, 67, 37, 66, 38, 65, 39, 64, 40, 63, 44, 56, 45, 61, 46, 54, 47, 60, 48, 59, 49, 58, 50, 57, 75, 96, 76, 95, 77, 94, 78, 93, 79, 92, 80, 91, 81, 90, 82, 89, 83, 88, 98, 113, 99, 112, 101, 110, 102, 109]
Dot Bracket:
 ..(((((.(..((((((..[..[[[)))))).....[[[[[...[(([[[[...).]]]]]).]]]]]).)))))(((((((((....))))))))).((.((...]]]))]))..
116


Iteration 4


setting environment up
running sampling algorithm
beginning Burn in iterations

Centroid Structure
Length:
 34
Pairs:
 [(2, 74), (3, 73), (4, 72), (5, 71), (7, 69), (12, 29), (13, 28), (14, 27), (16, 25), (21, 109), (22, 108), (23, 107), (24, 106), (34, 64), (38, 65), (39, 60), (40, 59), (42, 58), (43, 57), (44, 56), (46, 54), (47, 53), (48, 52), (75, 96), (76, 95), (77, 94), (78, 93), (79, 92), (80, 91), (81, 90), (82, 89), (83, 88), (98, 113), (100, 111)]
Pairs:
 [2, 74, 3, 73, 4, 72, 5, 71, 7, 69, 12, 29, 13, 28, 14, 27, 16, 25, 21, 109, 22, 108, 23, 107, 24, 106, 34, 64, 38, 65, 39, 60, 40, 59, 42, 58, 43, 57, 44, 56, 46, 54, 47, 53, 48, 52, 75, 96, 76, 95, 77, 94, 78, 93, 79, 92, 80, 91, 81, 90, 82, 89, 83, 88, 98, 113, 100, 111]
Dot Bracket:
 ..((((.(....(((.(....[[[[).)))....[...(((.(((.(((...))).)))))...])...).))))(((((((((....))))))))).(.(.....]]]].).)..
116


Iteration 5


setting environment up
running sampling algorithm
beginning Burn in iterations

Centroid Structure
Length:
 39
Pairs:
 [(2, 74), (3, 73), (4, 72), (5, 71), (6, 70), (7, 69), (8, 68), (9, 32), (11, 30), (12, 29), (13, 28), (14, 27), (15, 26), (16, 25), (37, 66), (38, 65), (42, 64), (43, 63), (45, 61), (47, 60), (48, 59), (49, 58), (50, 57), (51, 56), (75, 96), (76, 95), (77, 94), (78, 93), (79, 92), (80, 91), (81, 90), (82, 89), (83, 88), (98, 113), (99, 112), (100, 111), (101, 110), (102, 109), (103, 108)]
Pairs:
 [2, 74, 3, 73, 4, 72, 5, 71, 6, 70, 7, 69, 8, 68, 9, 32, 11, 30, 12, 29, 13, 28, 14, 27, 15, 26, 16, 25, 37, 66, 38, 65, 42, 64, 43, 63, 45, 61, 47, 60, 48, 59, 49, 58, 50, 57, 51, 56, 75, 96, 76, 95, 77, 94, 78, 93, 79, 92, 80, 91, 81, 90, 82, 89, 83, 88, 98, 113, 99, 112, 100, 111, 101, 110, 102, 109, 103, 108]
Dot Bracket:
 ..((((((((.((((((........)))))).)....((...((.(.(((((....)))))).)))).)))))))(((((((((....))))))))).((((((....))))))..
116


Iteration 6


setting environment up
running sampling algorithm
beginning Burn in iterations

Centroid Structure
Length:
 38
Pairs:
 [(2, 74), (3, 73), (4, 72), (5, 71), (6, 70), (7, 69), (8, 68), (11, 30), (12, 29), (13, 28), (14, 27), (15, 26), (16, 25), (36, 67), (37, 66), (38, 65), (39, 64), (40, 63), (42, 58), (44, 56), (45, 61), (46, 54), (48, 59), (75, 96), (76, 95), (77, 94), (78, 93), (79, 92), (80, 91), (81, 90), (82, 89), (83, 88), (98, 113), (99, 112), (100, 111), (101, 110), (102, 109), (103, 108)]
Pairs:
 [2, 74, 3, 73, 4, 72, 5, 71, 6, 70, 7, 69, 8, 68, 11, 30, 12, 29, 13, 28, 14, 27, 15, 26, 16, 25, 36, 67, 37, 66, 38, 65, 39, 64, 40, 63, 42, 58, 44, 56, 45, 61, 46, 54, 48, 59, 75, 96, 76, 95, 77, 94, 78, 93, 79, 92, 80, 91, 81, 90, 82, 89, 83, 88, 98, 113, 99, 112, 100, 111, 101, 110, 102, 109, 103, 108]
Dot Bracket:
 ..(((((((..((((((........)))))).....(((((.(.([[.(.....].).)).].))))))))))))(((((((((....))))))))).((((((....))))))..
116


Iteration 7


setting environment up
running sampling algorithm
beginning Burn in iterations

Centroid Structure
Length:
 36
Pairs:
 [(2, 74), (3, 73), (4, 72), (5, 71), (6, 70), (7, 69), (12, 29), (13, 28), (14, 27), (15, 26), (16, 25), (37, 66), (38, 65), (39, 64), (43, 63), (44, 62), (45, 61), (46, 54), (47, 60), (48, 52), (49, 58), (50, 57), (75, 96), (76, 95), (77, 94), (78, 93), (79, 92), (80, 91), (81, 90), (82, 89), (83, 88), (98, 113), (99, 112), (100, 111), (101, 110), (102, 109)]
Pairs:
 [2, 74, 3, 73, 4, 72, 5, 71, 6, 70, 7, 69, 12, 29, 13, 28, 14, 27, 15, 26, 16, 25, 37, 66, 38, 65, 39, 64, 43, 63, 44, 62, 45, 61, 46, 54, 47, 60, 48, 52, 49, 58, 50, 57, 75, 96, 76, 95, 77, 94, 78, 93, 79, 92, 80, 91, 81, 90, 82, 89, 83, 88, 98, 113, 99, 112, 100, 111, 101, 110, 102, 109]
Dot Bracket:
 ..((((((....(((((........))))).......(((...(((([[([.].)..]).]))))))..))))))(((((((((....))))))))).(((((......)))))..
116


Iteration 8


setting environment up
running sampling algorithm
beginning Burn in iterations

Centroid Structure
Length:
 40
Pairs:
 [(3, 73), (5, 71), (7, 69), (8, 68), (9, 33), (12, 29), (13, 28), (14, 27), (15, 26), (16, 25), (20, 110), (21, 109), (22, 108), (23, 107), (24, 106), (36, 67), (37, 66), (38, 65), (39, 64), (43, 63), (44, 62), (45, 61), (47, 60), (48, 59), (49, 58), (50, 57), (51, 56), (70, 102), (75, 96), (76, 95), (77, 94), (78, 93), (79, 92), (80, 91), (81, 90), (82, 89), (83, 88), (98, 113), (99, 112), (100, 111)]
Pairs:
 [3, 73, 5, 71, 7, 69, 8, 68, 9, 33, 12, 29, 13, 28, 14, 27, 15, 26, 16, 25, 20, 110, 21, 109, 22, 108, 23, 107, 24, 106, 36, 67, 37, 66, 38, 65, 39, 64, 43, 63, 44, 62, 45, 61, 47, 60, 48, 59, 49, 58, 50, 57, 51, 56, 70, 102, 75, 96, 76, 95, 77, 94, 78, 93, 79, 92, 80, 91, 81, 90, 82, 89, 83, 88, 98, 113, 99, 112, 100, 111]
Dot Bracket:
 ...(.(.(((..(((((...[[[[[)))))...)..[[[[...[[[.[[[[[....]]]]]]]]]]]]))[).).[[[[[[[[[....]]]]]]]]].(((.]...]]]]])))..
116


Iteration 9


setting environment up
running sampling algorithm
beginning Burn in iterations

Centroid Structure
Length:
 36
Pairs:
 [(2, 74), (3, 73), (4, 72), (5, 71), (11, 30), (12, 29), (13, 28), (14, 27), (15, 26), (16, 25), (31, 68), (32, 67), (33, 66), (38, 62), (39, 64), (40, 63), (42, 58), (44, 56), (46, 54), (47, 53), (48, 52), (50, 57), (75, 96), (76, 95), (77, 94), (78, 93), (79, 92), (80, 91), (81, 90), (82, 89), (98, 113), (99, 112), (100, 111), (101, 110), (102, 109), (103, 108)]
Pairs:
 [2, 74, 3, 73, 4, 72, 5, 71, 11, 30, 12, 29, 13, 28, 14, 27, 15, 26, 16, 25, 31, 68, 32, 67, 33, 66, 38, 62, 39, 64, 40, 63, 42, 58, 44, 56, 46, 54, 47, 53, 48, 52, 50, 57, 75, 96, 76, 95, 77, 94, 78, 93, 79, 92, 80, 91, 81, 90, 82, 89, 98, 113, 99, 112, 100, 111, 101, 110, 102, 109, 103, 108]
Dot Bracket:
 ..((((.....((((((........))))))(((....([[.[.[.[[[.(.]]].])]...)]].)))..))))((((((((......)))))))).((((((....))))))..
116


Iteration 10


setting environment up
running sampling algorithm
beginning Burn in iterations

Centroid Structure
Length:
 39
Pairs:
 [(1, 8), (2, 7), (4, 72), (5, 71), (6, 70), (11, 30), (12, 29), (13, 28), (14, 27), (15, 26), (16, 25), (18, 112), (20, 110), (23, 107), (24, 106), (36, 67), (37, 66), (38, 65), (39, 64), (43, 57), (44, 56), (45, 61), (46, 54), (47, 60), (48, 59), (49, 58), (73, 98), (75, 96), (76, 95), (77, 94), (78, 93), (79, 92), (80, 91), (81, 90), (82, 89), (83, 88), (100, 111), (102, 109), (103, 108)]
Pairs:
 [1, 8, 2, 7, 4, 72, 5, 71, 6, 70, 11, 30, 12, 29, 13, 28, 14, 27, 15, 26, 16, 25, 18, 112, 20, 110, 23, 107, 24, 106, 36, 67, 37, 66, 38, 65, 39, 64, 43, 57, 44, 56, 45, 61, 46, 54, 47, 60, 48, 59, 49, 58, 73, 98, 75, 96, 76, 95, 77, 94, 78, 93, 79, 92, 80, 91, 81, 90, 82, 89, 83, 88, 100, 111, 102, 109, 103, 108]
Dot Bracket:
 .((.[[[))..[[[[[[.(.(..((]]]]]].....((((...(([[([[....].))]])]..))))..]]](.(((((((((....))))))))).).[.[[..))]])])...
116


Iteration 11


setting environment up
running sampling algorithm
beginning Burn in iterations

Centroid Structure
Length:
 33
Pairs:
 [(2, 74), (3, 73), (5, 71), (6, 70), (11, 30), (12, 29), (13, 28), (14, 27), (15, 26), (16, 25), (22, 108), (23, 107), (24, 106), (36, 67), (42, 58), (43, 57), (44, 56), (46, 54), (47, 53), (75, 96), (76, 95), (77, 94), (78, 93), (79, 92), (80, 91), (81, 90), (82, 89), (83, 88), (98, 113), (99, 112), (100, 111), (101, 110), (102, 109)]
Pairs:
 [2, 74, 3, 73, 5, 71, 6, 70, 11, 30, 12, 29, 13, 28, 14, 27, 15, 26, 16, 25, 22, 108, 23, 107, 24, 106, 36, 67, 42, 58, 43, 57, 44, 56, 46, 54, 47, 53, 75, 96, 76, 95, 77, 94, 78, 93, 79, 92, 80, 91, 81, 90, 82, 89, 83, 88, 98, 113, 99, 112, 100, 111, 101, 110, 102, 109]
Dot Bracket:
 ..((.((....((((((.....[[[)))))).....[.....[[[.[[.....]].]]]........]..)).))[[[[[[[[[....]]]]]]]]].(((((...]]])))))..
116


Iteration 12


setting environment up
running sampling algorithm
beginning Burn in iterations

Centroid Structure
Length:
 35
Pairs:
 [(2, 74), (3, 73), (4, 72), (5, 71), (6, 70), (7, 69), (8, 68), (11, 30), (12, 29), (13, 28), (14, 27), (15, 26), (16, 25), (36, 67), (37, 66), (45, 61), (46, 54), (48, 59), (49, 58), (50, 57), (75, 96), (76, 95), (77, 94), (78, 93), (79, 92), (80, 91), (81, 90), (82, 89), (83, 88), (98, 113), (99, 112), (100, 111), (101, 110), (102, 109), (103, 108)]
Pairs:
 [2, 74, 3, 73, 4, 72, 5, 71, 6, 70, 7, 69, 8, 68, 11, 30, 12, 29, 13, 28, 14, 27, 15, 26, 16, 25, 36, 67, 37, 66, 45, 61, 46, 54, 48, 59, 49, 58, 50, 57, 75, 96, 76, 95, 77, 94, 78, 93, 79, 92, 80, 91, 81, 90, 82, 89, 83, 88, 98, 113, 99, 112, 100, 111, 101, 110, 102, 109, 103, 108]
Dot Bracket:
 ..(((((((..((((((........)))))).....((.......((.[[[...)..]]].)....)))))))))[[[[[[[[[....]]]]]]]]].[[[[[[....]]]]]]..
116


Iteration 13


setting environment up
running sampling algorithm
beginning Burn in iterations

Centroid Structure
Length:
 39
Pairs:
 [(2, 74), (3, 73), (4, 72), (5, 71), (6, 70), (7, 69), (8, 68), (11, 30), (12, 29), (13, 28), (14, 27), (15, 26), (16, 25), (36, 67), (37, 66), (38, 65), (39, 64), (40, 63), (42, 58), (43, 57), (44, 56), (46, 54), (47, 53), (48, 59), (75, 96), (76, 95), (77, 94), (78, 93), (79, 92), (80, 91), (81, 90), (82, 89), (83, 88), (98, 113), (99, 112), (100, 111), (101, 110), (102, 109), (103, 108)]
Pairs:
 [2, 74, 3, 73, 4, 72, 5, 71, 6, 70, 7, 69, 8, 68, 11, 30, 12, 29, 13, 28, 14, 27, 15, 26, 16, 25, 36, 67, 37, 66, 38, 65, 39, 64, 40, 63, 42, 58, 43, 57, 44, 56, 46, 54, 47, 53, 48, 59, 75, 96, 76, 95, 77, 94, 78, 93, 79, 92, 80, 91, 81, 90, 82, 89, 83, 88, 98, 113, 99, 112, 100, 111, 101, 110, 102, 109, 103, 108]
Dot Bracket:
 ..(((((((..((((((........)))))).....(((((.(((.(([....)).)))]...))))))))))))[[[[[[[[[....]]]]]]]]].[[[[[[....]]]]]]..
116


Iteration 14


setting environment up
running sampling algorithm
beginning Burn in iterations

Centroid Structure
Length:
 36
Pairs:
 [(2, 74), (3, 73), (4, 72), (5, 71), (6, 70), (12, 29), (13, 28), (15, 26), (16, 25), (17, 110), (22, 108), (23, 107), (24, 106), (31, 67), (32, 66), (34, 64), (37, 63), (38, 65), (42, 58), (43, 57), (44, 56), (46, 54), (47, 53), (75, 96), (76, 95), (77, 94), (78, 93), (79, 92), (80, 91), (81, 90), (82, 89), (83, 88), (98, 113), (99, 112), (100, 111), (102, 109)]
Pairs:
 [2, 74, 3, 73, 4, 72, 5, 71, 6, 70, 12, 29, 13, 28, 15, 26, 16, 25, 17, 110, 22, 108, 23, 107, 24, 106, 31, 67, 32, 66, 34, 64, 37, 63, 38, 65, 42, 58, 43, 57, 44, 56, 46, 54, 47, 53, 75, 96, 76, 95, 77, 94, 78, 93, 79, 92, 80, 91, 81, 90, 82, 89, 83, 88, 98, 113, 99, 112, 100, 111, 102, 109]
Dot Bracket:
 ..(((((.....((.(([....[[[)).)).[[.[..[(...(((.((.....)).)))....]])]]..)))))(((((((((....))))))))).(((.(...]]])])))..
116


Iteration 15


setting environment up
running sampling algorithm
beginning Burn in iterations

Centroid Structure
Length:
 39
Pairs:
 [(2, 7), (4, 72), (5, 71), (8, 68), (12, 29), (13, 28), (14, 27), (15, 26), (16, 25), (20, 110), (21, 109), (22, 108), (23, 107), (24, 106), (33, 66), (36, 67), (38, 65), (39, 64), (41, 60), (44, 56), (45, 61), (46, 54), (47, 53), (48, 59), (49, 58), (50, 57), (69, 103), (73, 98), (75, 96), (76, 95), (77, 94), (78, 93), (79, 92), (80, 91), (81, 90), (82, 89), (83, 88), (99, 112), (100, 111)]
Pairs:
 [2, 7, 4, 72, 5, 71, 8, 68, 12, 29, 13, 28, 14, 27, 15, 26, 16, 25, 20, 110, 21, 109, 22, 108, 23, 107, 24, 106, 33, 66, 36, 67, 38, 65, 39, 64, 41, 60, 44, 56, 45, 61, 46, 54, 47, 53, 48, 59, 49, 58, 50, 57, 69, 103, 73, 98, 75, 96, 76, 95, 77, 94, 78, 93, 79, 92, 80, 91, 81, 90, 82, 89, 83, 88, 99, 112, 100, 111]
Dot Bracket:
 ..(.[[.)[...[[[[[...(((((]]]]]...(..[.[[.[..[((([[[..)).]]]]])..]])]](.]](.(((((((((....))))))))).)[[..)..)))))]]...
116


Iteration 16


setting environment up
running sampling algorithm
beginning Burn in iterations

Centroid Structure
Length:
 41
Pairs:
 [(2, 74), (3, 73), (4, 72), (5, 71), (6, 70), (7, 69), (8, 68), (9, 32), (11, 30), (12, 29), (13, 28), (14, 27), (15, 26), (16, 25), (36, 67), (37, 66), (38, 65), (40, 63), (42, 64), (43, 62), (45, 61), (47, 60), (48, 59), (49, 58), (50, 57), (51, 56), (75, 96), (76, 95), (77, 94), (78, 93), (79, 92), (80, 91), (81, 90), (82, 89), (83, 88), (98, 113), (99, 112), (100, 111), (101, 110), (102, 109), (103, 108)]
Pairs:
 [2, 74, 3, 73, 4, 72, 5, 71, 6, 70, 7, 69, 8, 68, 9, 32, 11, 30, 12, 29, 13, 28, 14, 27, 15, 26, 16, 25, 36, 67, 37, 66, 38, 65, 40, 63, 42, 64, 43, 62, 45, 61, 47, 60, 48, 59, 49, 58, 50, 57, 51, 56, 75, 96, 76, 95, 77, 94, 78, 93, 79, 92, 80, 91, 81, 90, 82, 89, 83, 88, 98, 113, 99, 112, 100, 111, 101, 110, 102, 109, 103, 108]
Dot Bracket:
 ..((((((((.((((((........)))))).)...(((.(.[[.[.[[[[[....]]]]]]])]))))))))))[[[[[[[[[....]]]]]]]]].[[[[[[....]]]]]]..
116


Iteration 17


setting environment up
running sampling algorithm
beginning Burn in iterations

Centroid Structure
Length:
 37
Pairs:
 [(2, 74), (3, 73), (4, 72), (5, 71), (6, 70), (7, 69), (12, 29), (13, 28), (14, 27), (15, 26), (16, 25), (36, 67), (37, 66), (38, 65), (39, 64), (40, 63), (45, 61), (46, 54), (47, 60), (48, 59), (49, 58), (50, 57), (75, 96), (76, 95), (77, 94), (78, 93), (79, 92), (80, 91), (81, 90), (82, 89), (83, 88), (98, 113), (99, 112), (100, 111), (101, 110), (102, 109), (103, 108)]
Pairs:
 [2, 74, 3, 73, 4, 72, 5, 71, 6, 70, 7, 69, 12, 29, 13, 28, 14, 27, 15, 26, 16, 25, 36, 67, 37, 66, 38, 65, 39, 64, 40, 63, 45, 61, 46, 54, 47, 60, 48, 59, 49, 58, 50, 57, 75, 96, 76, 95, 77, 94, 78, 93, 79, 92, 80, 91, 81, 90, 82, 89, 83, 88, 98, 113, 99, 112, 100, 111, 101, 110, 102, 109, 103, 108]
Dot Bracket:
 ..((((((....(((((........)))))......(((((....(([[[[...)..]]]]).))))).))))))[[[[[[[[[....]]]]]]]]].[[[[[[....]]]]]]..
116


Iteration 18


setting environment up
running sampling algorithm
beginning Burn in iterations

Centroid Structure
Length:
 36
Pairs:
 [(2, 74), (3, 73), (4, 72), (5, 71), (6, 70), (7, 69), (12, 29), (13, 28), (14, 27), (15, 26), (16, 25), (31, 67), (32, 66), (38, 65), (39, 64), (42, 58), (43, 57), (44, 56), (46, 54), (47, 53), (48, 52), (75, 96), (76, 95), (77, 94), (78, 93), (79, 92), (80, 91), (81, 90), (82, 89), (83, 88), (98, 113), (99, 112), (100, 111), (101, 110), (102, 109), (103, 108)]
Pairs:
 [2, 74, 3, 73, 4, 72, 5, 71, 6, 70, 7, 69, 12, 29, 13, 28, 14, 27, 15, 26, 16, 25, 31, 67, 32, 66, 38, 65, 39, 64, 42, 58, 43, 57, 44, 56, 46, 54, 47, 53, 48, 52, 75, 96, 76, 95, 77, 94, 78, 93, 79, 92, 80, 91, 81, 90, 82, 89, 83, 88, 98, 113, 99, 112, 100, 111, 101, 110, 102, 109, 103, 108]
Dot Bracket:
 ..((((((....(((((........))))).((.....((..(((.(((...))).))).....)))).))))))(((((((((....))))))))).((((((....))))))..
116


Iteration 19


setting environment up
running sampling algorithm
beginning Burn in iterations

Centroid Structure
Length:
 39
Pairs:
 [(2, 74), (3, 73), (4, 72), (5, 71), (6, 70), (7, 69), (8, 68), (11, 30), (12, 29), (13, 28), (14, 27), (15, 26), (16, 25), (36, 67), (37, 66), (38, 65), (39, 64), (40, 63), (44, 62), (45, 61), (47, 60), (48, 59), (49, 58), (50, 57), (51, 56), (76, 95), (77, 94), (78, 93), (79, 92), (80, 91), (81, 90), (82, 89), (83, 88), (98, 113), (99, 112), (100, 111), (101, 110), (102, 109), (103, 108)]
Pairs:
 [2, 74, 3, 73, 4, 72, 5, 71, 6, 70, 7, 69, 8, 68, 11, 30, 12, 29, 13, 28, 14, 27, 15, 26, 16, 25, 36, 67, 37, 66, 38, 65, 39, 64, 40, 63, 44, 62, 45, 61, 47, 60, 48, 59, 49, 58, 50, 57, 51, 56, 76, 95, 77, 94, 78, 93, 79, 92, 80, 91, 81, 90, 82, 89, 83, 88, 98, 113, 99, 112, 100, 111, 101, 110, 102, 109, 103, 108]
Dot Bracket:
 ..(((((((..((((((........)))))).....(((((...((.(((((....))))))))))))))))))).((((((((....))))))))..((((((....))))))..
116
