Iteration 0

setting environment up
running sfold binary

Sfold Executable Code for Academic Users, Version 2.2-20110126
 Running partition function and statistical sampling module... done
 (general output in /home/chris/devtree/pseudoKnot_research/output/sfold.out)
 Running structure clustering module... done
 (general output in /home/chris/devtree/pseudoKnot_research/output/sclass.out)
Process completed. See output files in '/home/chris/devtree/pseudoKnot_research/output'.

running sampling algorithm
beginning Burn in iterations

Centroid Structure
Length:
 43
Pairs:
 [(0, 131), (4, 95), (5, 94), (6, 93), (7, 92), (8, 91), (9, 90), (13, 32), (15, 30), (16, 29), (17, 28), (18, 27), (20, 25), (40, 55), (41, 54), (42, 53), (43, 52), (44, 51), (45, 50), (58, 88), (59, 87), (60, 86), (61, 85), (62, 80), (63, 79), (64, 78), (65, 77), (66, 76), (67, 75), (68, 74), (69, 73), (97, 118), (98, 117), (99, 116), (100, 115), (101, 114), (102, 113), (103, 112), (104, 111), (105, 110), (121, 133), (122, 132), (124, 130)]
Pairs:
 [0, 131, 4, 95, 5, 94, 6, 93, 7, 92, 8, 91, 9, 90, 13, 32, 15, 30, 16, 29, 17, 28, 18, 27, 20, 25, 40, 55, 41, 54, 42, 53, 43, 52, 44, 51, 45, 50, 58, 88, 59, 87, 60, 86, 61, 85, 62, 80, 63, 79, 64, 78, 65, 77, 66, 76, 67, 75, 68, 74, 69, 73, 97, 118, 98, 117, 99, 116, 100, 115, 101, 114, 102, 113, 103, 112, 104, 111, 105, 110, 121, 133, 122, 132, 124, 130]
Dot Bracket:
 (...((((((...(.((((.(....).)))).).......((((((....))))))..((((((((((((...))))))))....)))).)))))).(((((((((....)))))))))..[[.[.....])]]...
137


Iteration 1


setting environment up
running sampling algorithm
beginning Burn in iterations

Centroid Structure
Length:
 46
Pairs:
 [(4, 95), (5, 94), (6, 93), (7, 92), (8, 91), (9, 90), (11, 37), (12, 36), (13, 35), (14, 34), (15, 30), (16, 29), (17, 21), (27, 59), (28, 58), (31, 38), (40, 55), (41, 54), (42, 53), (43, 52), (44, 51), (45, 50), (60, 86), (61, 85), (62, 81), (63, 80), (64, 78), (65, 77), (66, 76), (67, 75), (68, 74), (69, 73), (97, 118), (98, 117), (99, 116), (100, 115), (101, 114), (102, 113), (103, 112), (104, 111), (105, 110), (121, 133), (122, 132), (123, 131), (124, 130), (125, 129)]
Pairs:
 [4, 95, 5, 94, 6, 93, 7, 92, 8, 91, 9, 90, 11, 37, 12, 36, 13, 35, 14, 34, 15, 30, 16, 29, 17, 21, 27, 59, 28, 58, 31, 38, 40, 55, 41, 54, 42, 53, 43, 52, 44, 51, 45, 50, 60, 86, 61, 85, 62, 81, 63, 80, 64, 78, 65, 77, 66, 76, 67, 75, 68, 74, 69, 73, 97, 118, 98, 117, 99, 116, 100, 115, 101, 114, 102, 113, 103, 112, 104, 111, 105, 110, 121, 133, 122, 132, 123, 131, 124, 130, 125, 129]
Dot Bracket:
 ....((((((.(((((((...).....[[))[..))))].[[[[[[....]]]]]]..]][[[[[[[[[[...]]]]]].]]...]]...)))))).[[[[[[[[[....]]]]]]]]]..[[[[[...]]]]]...
137


Iteration 2


setting environment up
running sampling algorithm
beginning Burn in iterations

Centroid Structure
Length:
 43
Pairs:
 [(4, 95), (5, 94), (6, 93), (7, 92), (8, 91), (9, 90), (13, 25), (14, 24), (15, 23), (16, 22), (17, 28), (36, 59), (40, 55), (41, 54), (42, 53), (43, 52), (44, 51), (45, 50), (57, 89), (58, 88), (60, 86), (61, 85), (62, 80), (63, 79), (64, 78), (65, 77), (66, 76), (67, 75), (68, 74), (69, 73), (97, 118), (98, 117), (99, 116), (100, 115), (101, 114), (102, 113), (103, 112), (104, 111), (105, 110), (121, 133), (122, 132), (123, 131), (124, 130)]
Pairs:
 [4, 95, 5, 94, 6, 93, 7, 92, 8, 91, 9, 90, 13, 25, 14, 24, 15, 23, 16, 22, 17, 28, 36, 59, 40, 55, 41, 54, 42, 53, 43, 52, 44, 51, 45, 50, 57, 89, 58, 88, 60, 86, 61, 85, 62, 80, 63, 79, 64, 78, 65, 77, 66, 76, 67, 75, 68, 74, 69, 73, 97, 118, 98, 117, 99, 116, 100, 115, 101, 114, 102, 113, 103, 112, 104, 111, 105, 110, 121, 133, 122, 132, 123, 131, 124, 130]
Dot Bracket:
 ....((((((...(((([....))))..].......[...[[[[[[....]]]]]].((]((((((((((...))))))))....)).)))))))).(((((((((....)))))))))..((((.....))))...
137


Iteration 3


setting environment up
running sampling algorithm
beginning Burn in iterations

Centroid Structure
Length:
 48
Pairs:
 [(0, 131), (1, 130), (4, 95), (5, 94), (6, 93), (7, 92), (8, 91), (9, 90), (12, 37), (13, 32), (14, 24), (15, 23), (16, 22), (17, 28), (18, 27), (20, 25), (31, 84), (36, 59), (40, 55), (41, 54), (42, 53), (43, 52), (44, 51), (45, 50), (57, 89), (58, 88), (60, 86), (61, 85), (62, 80), (63, 79), (64, 78), (65, 77), (66, 76), (67, 75), (68, 74), (69, 73), (97, 118), (98, 117), (99, 116), (100, 115), (101, 114), (102, 113), (103, 112), (104, 111), (105, 110), (121, 133), (122, 132), (125, 129)]
Pairs:
 [0, 131, 1, 130, 4, 95, 5, 94, 6, 93, 7, 92, 8, 91, 9, 90, 12, 37, 13, 32, 14, 24, 15, 23, 16, 22, 17, 28, 18, 27, 20, 25, 31, 84, 36, 59, 40, 55, 41, 54, 42, 53, 43, 52, 44, 51, 45, 50, 57, 89, 58, 88, 60, 86, 61, 85, 62, 80, 63, 79, 64, 78, 65, 77, 66, 76, 67, 75, 68, 74, 69, 73, 97, 118, 98, 117, 99, 116, 100, 115, 101, 114, 102, 113, 103, 112, 104, 111, 105, 110, 121, 133, 122, 132, 125, 129]
Dot Bracket:
 ((..((((((..((((([[.[.)))].]]..[)...[)..[[[[[[....]]]]]].((]((((((((((...))))))))...])).)))))))).(((((((((....)))))))))..[[..[...]))]]...
137


Iteration 4


setting environment up
running sampling algorithm
beginning Burn in iterations

Centroid Structure
Length:
 43
Pairs:
 [(4, 95), (5, 94), (6, 93), (7, 92), (8, 91), (9, 90), (13, 25), (14, 31), (15, 23), (16, 29), (17, 28), (18, 27), (38, 57), (40, 55), (41, 54), (42, 53), (43, 52), (44, 51), (45, 50), (60, 86), (61, 85), (62, 80), (63, 79), (64, 78), (65, 77), (66, 76), (67, 75), (68, 74), (69, 73), (97, 118), (98, 117), (99, 116), (100, 115), (101, 114), (102, 113), (103, 112), (104, 111), (105, 110), (121, 133), (122, 132), (123, 131), (124, 130), (125, 129)]
Pairs:
 [4, 95, 5, 94, 6, 93, 7, 92, 8, 91, 9, 90, 13, 25, 14, 31, 15, 23, 16, 29, 17, 28, 18, 27, 38, 57, 40, 55, 41, 54, 42, 53, 43, 52, 44, 51, 45, 50, 60, 86, 61, 85, 62, 80, 63, 79, 64, 78, 65, 77, 66, 76, 67, 75, 68, 74, 69, 73, 97, 118, 98, 117, 99, 116, 100, 115, 101, 114, 102, 113, 103, 112, 104, 111, 105, 110, 121, 133, 122, 132, 123, 131, 124, 130, 125, 129]
Dot Bracket:
 ....((((((...([[([[....].).]]).]......(.((((((....)))))).)..((((((((((...))))))))....))...)))))).(((((((((....)))))))))..(((((...)))))...
137


Iteration 5


setting environment up
running sampling algorithm
beginning Burn in iterations

Centroid Structure
Length:
 45
Pairs:
 [(4, 95), (5, 94), (6, 93), (7, 92), (8, 91), (9, 90), (13, 32), (14, 31), (15, 30), (16, 29), (17, 28), (18, 27), (40, 55), (41, 54), (42, 53), (43, 52), (44, 51), (45, 50), (57, 89), (58, 88), (59, 87), (60, 86), (61, 85), (62, 80), (63, 79), (64, 78), (65, 77), (66, 76), (67, 75), (68, 74), (69, 73), (97, 118), (98, 117), (99, 116), (100, 115), (101, 114), (102, 113), (103, 112), (104, 111), (105, 110), (121, 133), (122, 132), (123, 131), (124, 130), (125, 129)]
Pairs:
 [4, 95, 5, 94, 6, 93, 7, 92, 8, 91, 9, 90, 13, 32, 14, 31, 15, 30, 16, 29, 17, 28, 18, 27, 40, 55, 41, 54, 42, 53, 43, 52, 44, 51, 45, 50, 57, 89, 58, 88, 59, 87, 60, 86, 61, 85, 62, 80, 63, 79, 64, 78, 65, 77, 66, 76, 67, 75, 68, 74, 69, 73, 97, 118, 98, 117, 99, 116, 100, 115, 101, 114, 102, 113, 103, 112, 104, 111, 105, 110, 121, 133, 122, 132, 123, 131, 124, 130, 125, 129]
Dot Bracket:
 ....((((((...((((((........)))))).......((((((....)))))).(((((((((((((...))))))))....))))))))))).(((((((((....)))))))))..(((((...)))))...
137


Iteration 6


setting environment up
running sampling algorithm
beginning Burn in iterations

Centroid Structure
Length:
 46
Pairs:
 [(4, 95), (5, 94), (6, 93), (7, 92), (8, 91), (9, 90), (10, 89), (13, 32), (14, 31), (15, 30), (16, 29), (17, 28), (18, 27), (20, 25), (37, 88), (40, 55), (41, 54), (42, 53), (43, 52), (44, 51), (45, 50), (59, 87), (60, 86), (61, 85), (62, 80), (63, 79), (64, 78), (65, 77), (66, 76), (67, 75), (68, 74), (69, 73), (97, 118), (98, 117), (99, 116), (100, 115), (101, 114), (102, 113), (103, 112), (104, 111), (105, 110), (121, 133), (122, 132), (123, 131), (124, 130), (125, 129)]
Pairs:
 [4, 95, 5, 94, 6, 93, 7, 92, 8, 91, 9, 90, 10, 89, 13, 32, 14, 31, 15, 30, 16, 29, 17, 28, 18, 27, 20, 25, 37, 88, 40, 55, 41, 54, 42, 53, 43, 52, 44, 51, 45, 50, 59, 87, 60, 86, 61, 85, 62, 80, 63, 79, 64, 78, 65, 77, 66, 76, 67, 75, 68, 74, 69, 73, 97, 118, 98, 117, 99, 116, 100, 115, 101, 114, 102, 113, 103, 112, 104, 111, 105, 110, 121, 133, 122, 132, 123, 131, 124, 130, 125, 129]
Dot Bracket:
 ....(((((((..((((((.(....).))))))....(..((((((....))))))...(((((((((((...))))))))....))))))))))).(((((((((....)))))))))..(((((...)))))...
137


Iteration 7


setting environment up
running sampling algorithm
beginning Burn in iterations

Centroid Structure
Length:
 46
Pairs:
 [(0, 96), (4, 95), (5, 94), (6, 93), (7, 92), (8, 91), (9, 90), (11, 38), (12, 37), (13, 32), (14, 31), (15, 30), (16, 29), (17, 28), (18, 27), (40, 55), (41, 54), (42, 53), (43, 52), (44, 51), (45, 50), (58, 88), (59, 87), (60, 86), (61, 85), (62, 80), (63, 79), (64, 78), (65, 77), (66, 76), (67, 75), (68, 74), (69, 73), (97, 118), (98, 117), (99, 116), (100, 115), (101, 114), (102, 113), (103, 112), (104, 111), (105, 110), (121, 133), (122, 132), (123, 131), (124, 130)]
Pairs:
 [0, 96, 4, 95, 5, 94, 6, 93, 7, 92, 8, 91, 9, 90, 11, 38, 12, 37, 13, 32, 14, 31, 15, 30, 16, 29, 17, 28, 18, 27, 40, 55, 41, 54, 42, 53, 43, 52, 44, 51, 45, 50, 58, 88, 59, 87, 60, 86, 61, 85, 62, 80, 63, 79, 64, 78, 65, 77, 66, 76, 67, 75, 68, 74, 69, 73, 97, 118, 98, 117, 99, 116, 100, 115, 101, 114, 102, 113, 103, 112, 104, 111, 105, 110, 121, 133, 122, 132, 123, 131, 124, 130]
Dot Bracket:
 (...((((((.((((((((........))))))....)).((((((....))))))..((((((((((((...))))))))....)))).)))))))(((((((((....)))))))))..((((.....))))...
137


Iteration 8


setting environment up
running sampling algorithm
beginning Burn in iterations

Centroid Structure
Length:
 41
Pairs:
 [(0, 133), (1, 132), (4, 95), (5, 94), (6, 93), (7, 92), (8, 91), (9, 90), (13, 32), (14, 24), (15, 30), (16, 22), (27, 88), (28, 87), (37, 59), (38, 57), (40, 55), (41, 54), (42, 53), (43, 52), (44, 51), (45, 50), (62, 80), (63, 79), (64, 78), (65, 77), (66, 76), (67, 75), (68, 74), (69, 73), (97, 118), (98, 117), (99, 116), (100, 115), (101, 114), (102, 113), (103, 112), (104, 111), (105, 110), (123, 131), (124, 130)]
Pairs:
 [0, 133, 1, 132, 4, 95, 5, 94, 6, 93, 7, 92, 8, 91, 9, 90, 13, 32, 14, 24, 15, 30, 16, 22, 27, 88, 28, 87, 37, 59, 38, 57, 40, 55, 41, 54, 42, 53, 43, 52, 44, 51, 45, 50, 62, 80, 63, 79, 64, 78, 65, 77, 66, 76, 67, 75, 68, 74, 69, 73, 97, 118, 98, 117, 99, 116, 100, 115, 101, 114, 102, 113, 103, 112, 104, 111, 105, 110, 123, 131, 124, 130]
Dot Bracket:
 ((..((((((...(([[.....].)..([.].)....((.((((((....)))))).).)..((((((((...))))))))......]).)))))).(((((((((....)))))))))....((.....))))...
137


Iteration 9


setting environment up
running sampling algorithm
beginning Burn in iterations

Centroid Structure
Length:
 48
Pairs:
 [(0, 131), (1, 130), (2, 120), (4, 95), (5, 94), (6, 93), (7, 92), (8, 91), (9, 90), (10, 89), (13, 32), (14, 31), (15, 30), (16, 29), (17, 28), (18, 27), (34, 84), (35, 83), (38, 57), (40, 55), (41, 54), (42, 53), (43, 52), (44, 51), (45, 50), (58, 88), (59, 87), (60, 86), (61, 85), (62, 80), (63, 79), (64, 78), (65, 77), (66, 76), (67, 75), (68, 74), (69, 73), (97, 118), (98, 117), (99, 116), (100, 115), (101, 114), (102, 113), (103, 112), (104, 111), (105, 110), (121, 133), (122, 132)]
Pairs:
 [0, 131, 1, 130, 2, 120, 4, 95, 5, 94, 6, 93, 7, 92, 8, 91, 9, 90, 10, 89, 13, 32, 14, 31, 15, 30, 16, 29, 17, 28, 18, 27, 34, 84, 35, 83, 38, 57, 40, 55, 41, 54, 42, 53, 43, 52, 44, 51, 45, 50, 58, 88, 59, 87, 60, 86, 61, 85, 62, 80, 63, 79, 64, 78, 65, 77, 66, 76, 67, 75, 68, 74, 69, 73, 97, 118, 98, 117, 99, 116, 100, 115, 101, 114, 102, 113, 103, 112, 104, 111, 105, 110, 121, 133, 122, 132]
Dot Bracket:
 (((.(((((((..((((((........)))))).((..(.((((((....)))))).)[[[[[[[[[[[[...]]]]]]]]..))]]]]))))))).[[[[[[[[[....]]]]]]]]].)[[.......))]]...
137


Iteration 10


setting environment up
running sampling algorithm
beginning Burn in iterations

Centroid Structure
Length:
 46
Pairs:
 [(2, 129), (4, 95), (5, 94), (6, 93), (7, 92), (8, 91), (9, 90), (10, 38), (11, 37), (13, 32), (14, 31), (15, 30), (16, 29), (17, 28), (40, 55), (41, 54), (42, 53), (43, 52), (44, 51), (45, 50), (57, 89), (58, 88), (59, 87), (60, 86), (61, 85), (62, 80), (63, 79), (64, 78), (65, 77), (66, 76), (67, 75), (68, 74), (69, 73), (97, 118), (98, 117), (99, 116), (100, 115), (101, 114), (102, 113), (103, 112), (104, 111), (105, 110), (121, 133), (122, 132), (123, 131), (124, 130)]
Pairs:
 [2, 129, 4, 95, 5, 94, 6, 93, 7, 92, 8, 91, 9, 90, 10, 38, 11, 37, 13, 32, 14, 31, 15, 30, 16, 29, 17, 28, 40, 55, 41, 54, 42, 53, 43, 52, 44, 51, 45, 50, 57, 89, 58, 88, 59, 87, 60, 86, 61, 85, 62, 80, 63, 79, 64, 78, 65, 77, 66, 76, 67, 75, 68, 74, 69, 73, 97, 118, 98, 117, 99, 116, 100, 115, 101, 114, 102, 113, 103, 112, 104, 111, 105, 110, 121, 133, 122, 132, 123, 131, 124, 130]
Dot Bracket:
 ..(.((((((((.(((((..........)))))....)).((((((....)))))).(((((((((((((...))))))))....))))))))))).(((((((((....)))))))))..[[[[....)]]]]...
137


Iteration 11


setting environment up
running sampling algorithm
beginning Burn in iterations

Centroid Structure
Length:
 46
Pairs:
 [(4, 95), (5, 94), (6, 93), (7, 92), (8, 91), (9, 90), (10, 89), (11, 37), (13, 32), (14, 31), (15, 30), (16, 29), (17, 28), (18, 27), (40, 55), (41, 54), (42, 53), (43, 52), (44, 51), (45, 50), (58, 88), (59, 87), (60, 86), (61, 85), (62, 80), (63, 79), (64, 78), (65, 77), (66, 76), (67, 75), (68, 74), (69, 73), (97, 118), (98, 117), (99, 116), (100, 115), (101, 114), (102, 113), (103, 112), (104, 111), (105, 110), (121, 133), (122, 132), (123, 131), (124, 130), (125, 129)]
Pairs:
 [4, 95, 5, 94, 6, 93, 7, 92, 8, 91, 9, 90, 10, 89, 11, 37, 13, 32, 14, 31, 15, 30, 16, 29, 17, 28, 18, 27, 40, 55, 41, 54, 42, 53, 43, 52, 44, 51, 45, 50, 58, 88, 59, 87, 60, 86, 61, 85, 62, 80, 63, 79, 64, 78, 65, 77, 66, 76, 67, 75, 68, 74, 69, 73, 97, 118, 98, 117, 99, 116, 100, 115, 101, 114, 102, 113, 103, 112, 104, 111, 105, 110, 121, 133, 122, 132, 123, 131, 124, 130, 125, 129]
Dot Bracket:
 ....((((((((.((((((........))))))....)..((((((....))))))..((((((((((((...))))))))....))))))))))).(((((((((....)))))))))..(((((...)))))...
137


Iteration 12


setting environment up
running sampling algorithm
beginning Burn in iterations

Centroid Structure
Length:
 45
Pairs:
 [(4, 95), (5, 94), (6, 93), (7, 92), (8, 91), (9, 90), (11, 38), (12, 37), (13, 32), (14, 31), (15, 30), (16, 29), (17, 28), (18, 27), (40, 55), (41, 54), (42, 53), (43, 52), (44, 51), (45, 50), (58, 88), (59, 87), (60, 86), (61, 85), (62, 80), (63, 79), (64, 78), (65, 77), (66, 76), (67, 75), (68, 74), (69, 73), (97, 118), (98, 117), (99, 116), (100, 115), (101, 114), (102, 113), (103, 112), (104, 111), (105, 110), (121, 133), (122, 132), (123, 131), (124, 130)]
Pairs:
 [4, 95, 5, 94, 6, 93, 7, 92, 8, 91, 9, 90, 11, 38, 12, 37, 13, 32, 14, 31, 15, 30, 16, 29, 17, 28, 18, 27, 40, 55, 41, 54, 42, 53, 43, 52, 44, 51, 45, 50, 58, 88, 59, 87, 60, 86, 61, 85, 62, 80, 63, 79, 64, 78, 65, 77, 66, 76, 67, 75, 68, 74, 69, 73, 97, 118, 98, 117, 99, 116, 100, 115, 101, 114, 102, 113, 103, 112, 104, 111, 105, 110, 121, 133, 122, 132, 123, 131, 124, 130]
Dot Bracket:
 ....((((((.((((((((........))))))....)).((((((....))))))..((((((((((((...))))))))....)))).)))))).(((((((((....)))))))))..((((.....))))...
137


Iteration 13


setting environment up
running sampling algorithm
beginning Burn in iterations

Centroid Structure
Length:
 41
Pairs:
 [(4, 95), (5, 94), (6, 93), (7, 92), (8, 91), (9, 90), (13, 32), (14, 31), (15, 30), (16, 29), (17, 28), (40, 55), (41, 54), (42, 53), (43, 52), (44, 51), (45, 50), (58, 88), (59, 87), (60, 86), (62, 80), (63, 79), (64, 78), (65, 77), (66, 76), (67, 75), (68, 74), (69, 73), (97, 118), (98, 117), (99, 116), (100, 115), (101, 114), (102, 113), (103, 112), (104, 111), (105, 110), (121, 133), (122, 132), (123, 131), (124, 130)]
Pairs:
 [4, 95, 5, 94, 6, 93, 7, 92, 8, 91, 9, 90, 13, 32, 14, 31, 15, 30, 16, 29, 17, 28, 40, 55, 41, 54, 42, 53, 43, 52, 44, 51, 45, 50, 58, 88, 59, 87, 60, 86, 62, 80, 63, 79, 64, 78, 65, 77, 66, 76, 67, 75, 68, 74, 69, 73, 97, 118, 98, 117, 99, 116, 100, 115, 101, 114, 102, 113, 103, 112, 104, 111, 105, 110, 121, 133, 122, 132, 123, 131, 124, 130]
Dot Bracket:
 ....((((((...(((((..........))))).......((((((....))))))..(((.((((((((...)))))))).....))).)))))).(((((((((....)))))))))..((((.....))))...
137


Iteration 14


setting environment up
running sampling algorithm
beginning Burn in iterations

Centroid Structure
Length:
 45
Pairs:
 [(4, 95), (5, 94), (6, 93), (7, 92), (8, 91), (9, 90), (13, 32), (14, 31), (15, 30), (16, 29), (17, 28), (18, 27), (34, 84), (35, 83), (40, 55), (41, 54), (42, 53), (43, 52), (44, 51), (45, 50), (57, 89), (58, 88), (60, 86), (61, 85), (62, 80), (63, 79), (64, 78), (65, 77), (66, 76), (67, 75), (68, 74), (69, 73), (97, 118), (98, 117), (99, 116), (100, 115), (101, 114), (102, 113), (103, 112), (104, 111), (105, 110), (121, 133), (122, 132), (123, 131), (124, 130)]
Pairs:
 [4, 95, 5, 94, 6, 93, 7, 92, 8, 91, 9, 90, 13, 32, 14, 31, 15, 30, 16, 29, 17, 28, 18, 27, 34, 84, 35, 83, 40, 55, 41, 54, 42, 53, 43, 52, 44, 51, 45, 50, 57, 89, 58, 88, 60, 86, 61, 85, 62, 80, 63, 79, 64, 78, 65, 77, 66, 76, 67, 75, 68, 74, 69, 73, 97, 118, 98, 117, 99, 116, 100, 115, 101, 114, 102, 113, 103, 112, 104, 111, 105, 110, 121, 133, 122, 132, 123, 131, 124, 130]
Dot Bracket:
 ....((((((...((((((........)))))).((....((((((....)))))).[[.[[[[[[[[[[...]]]]]]]]..))]].]])))))).[[[[[[[[[....]]]]]]]]]..[[[[.....]]]]...
137


Iteration 15


setting environment up
running sampling algorithm
beginning Burn in iterations

Centroid Structure
Length:
 43
Pairs:
 [(4, 95), (5, 94), (6, 93), (7, 92), (8, 91), (9, 90), (13, 25), (14, 24), (15, 30), (16, 29), (20, 26), (36, 59), (38, 57), (40, 55), (41, 54), (42, 53), (43, 52), (44, 51), (45, 50), (58, 88), (60, 86), (61, 85), (62, 80), (63, 79), (64, 78), (65, 77), (66, 76), (67, 75), (68, 74), (69, 73), (97, 118), (98, 117), (99, 116), (100, 115), (101, 114), (102, 113), (103, 112), (104, 111), (105, 110), (121, 133), (122, 132), (123, 131), (124, 130)]
Pairs:
 [4, 95, 5, 94, 6, 93, 7, 92, 8, 91, 9, 90, 13, 25, 14, 24, 15, 30, 16, 29, 20, 26, 36, 59, 38, 57, 40, 55, 41, 54, 42, 53, 43, 52, 44, 51, 45, 50, 58, 88, 60, 86, 61, 85, 62, 80, 63, 79, 64, 78, 65, 77, 66, 76, 67, 75, 68, 74, 69, 73, 97, 118, 98, 117, 99, 116, 100, 115, 101, 114, 102, 113, 103, 112, 104, 111, 105, 110, 121, 133, 122, 132, 123, 131, 124, 130]
Dot Bracket:
 ....((((((...(([[...[...))]..]].....[.[.[[[[[[....]]]]]].](]((((((((((...))))))))....)).).)))))).(((((((((....)))))))))..((((.....))))...
137


Iteration 16


setting environment up
running sampling algorithm
beginning Burn in iterations

Centroid Structure
Length:
 44
Pairs:
 [(4, 95), (5, 94), (6, 93), (7, 92), (8, 91), (9, 90), (13, 25), (14, 31), (15, 30), (16, 22), (17, 28), (27, 88), (40, 55), (41, 54), (42, 53), (43, 52), (44, 51), (45, 50), (57, 89), (59, 87), (60, 86), (61, 85), (62, 80), (63, 79), (64, 78), (65, 77), (66, 76), (67, 75), (68, 74), (69, 73), (97, 118), (98, 117), (99, 116), (100, 115), (101, 114), (102, 113), (103, 112), (104, 111), (105, 110), (121, 133), (122, 132), (123, 131), (124, 130), (125, 129)]
Pairs:
 [4, 95, 5, 94, 6, 93, 7, 92, 8, 91, 9, 90, 13, 25, 14, 31, 15, 30, 16, 22, 17, 28, 27, 88, 40, 55, 41, 54, 42, 53, 43, 52, 44, 51, 45, 50, 57, 89, 59, 87, 60, 86, 61, 85, 62, 80, 63, 79, 64, 78, 65, 77, 66, 76, 67, 75, 68, 74, 69, 73, 97, 118, 98, 117, 99, 116, 100, 115, 101, 114, 102, 113, 103, 112, 104, 111, 105, 110, 121, 133, 122, 132, 123, 131, 124, 130, 125, 129]
Dot Bracket:
 ....((((((...([[[(....]..).[).]]........((((((....)))))).[.(((((((((((...))))))))....)))]])))))).(((((((((....)))))))))..(((((...)))))...
137


Iteration 17


setting environment up
running sampling algorithm
beginning Burn in iterations

Centroid Structure
Length:
 47
Pairs:
 [(2, 131), (4, 95), (5, 94), (6, 93), (7, 92), (8, 91), (9, 90), (12, 37), (13, 32), (14, 31), (15, 30), (16, 22), (18, 27), (26, 89), (28, 87), (36, 59), (38, 57), (40, 55), (41, 54), (42, 53), (43, 52), (44, 51), (45, 50), (58, 88), (60, 86), (61, 85), (62, 80), (63, 79), (64, 78), (65, 77), (66, 76), (67, 75), (68, 74), (69, 73), (97, 118), (98, 117), (99, 116), (100, 115), (101, 114), (102, 113), (103, 112), (104, 111), (105, 110), (121, 133), (122, 132), (124, 130), (125, 129)]
Pairs:
 [2, 131, 4, 95, 5, 94, 6, 93, 7, 92, 8, 91, 9, 90, 12, 37, 13, 32, 14, 31, 15, 30, 16, 22, 18, 27, 26, 89, 28, 87, 36, 59, 38, 57, 40, 55, 41, 54, 42, 53, 43, 52, 44, 51, 45, 50, 58, 88, 60, 86, 61, 85, 62, 80, 63, 79, 64, 78, 65, 77, 66, 76, 67, 75, 68, 74, 69, 73, 97, 118, 98, 117, 99, 116, 100, 115, 101, 114, 102, 113, 103, 112, 104, 111, 105, 110, 121, 133, 122, 132, 124, 130, 125, 129]
Dot Bracket:
 ..(.((((((..(((((.[...)...(][.)))...[)[.[[[[[[....]]]]]].](]((((((((((...))))))))....))])))))))).(((((((((....)))))))))..[[.[[...]])]]...
137


Iteration 18


setting environment up
running sampling algorithm
beginning Burn in iterations

Centroid Structure
Length:
 43
Pairs:
 [(4, 95), (5, 94), (6, 93), (7, 92), (8, 91), (9, 90), (14, 31), (15, 30), (16, 29), (17, 28), (18, 27), (40, 55), (41, 54), (42, 53), (43, 52), (44, 51), (45, 50), (58, 88), (59, 87), (60, 86), (61, 85), (62, 80), (63, 79), (64, 78), (65, 77), (66, 76), (67, 75), (68, 74), (69, 73), (97, 118), (98, 117), (99, 116), (100, 115), (101, 114), (102, 113), (103, 112), (104, 111), (105, 110), (121, 133), (122, 132), (123, 131), (124, 130), (125, 129)]
Pairs:
 [4, 95, 5, 94, 6, 93, 7, 92, 8, 91, 9, 90, 14, 31, 15, 30, 16, 29, 17, 28, 18, 27, 40, 55, 41, 54, 42, 53, 43, 52, 44, 51, 45, 50, 58, 88, 59, 87, 60, 86, 61, 85, 62, 80, 63, 79, 64, 78, 65, 77, 66, 76, 67, 75, 68, 74, 69, 73, 97, 118, 98, 117, 99, 116, 100, 115, 101, 114, 102, 113, 103, 112, 104, 111, 105, 110, 121, 133, 122, 132, 123, 131, 124, 130, 125, 129]
Dot Bracket:
 ....((((((....(((((........)))))........((((((....))))))..((((((((((((...))))))))....)))).)))))).(((((((((....)))))))))..(((((...)))))...
137


Iteration 19


setting environment up
running sampling algorithm
beginning Burn in iterations

Centroid Structure
Length:
 43
Pairs:
 [(4, 95), (5, 94), (6, 93), (7, 92), (8, 91), (9, 90), (13, 32), (15, 30), (16, 29), (18, 27), (36, 59), (38, 57), (40, 55), (41, 54), (42, 53), (43, 52), (44, 51), (45, 50), (58, 88), (60, 86), (61, 85), (62, 80), (63, 79), (64, 78), (65, 77), (66, 76), (67, 75), (68, 74), (69, 73), (97, 118), (98, 117), (99, 116), (100, 115), (101, 114), (102, 113), (103, 112), (104, 111), (105, 110), (121, 133), (122, 132), (123, 131), (124, 130), (125, 129)]
Pairs:
 [4, 95, 5, 94, 6, 93, 7, 92, 8, 91, 9, 90, 13, 32, 15, 30, 16, 29, 18, 27, 36, 59, 38, 57, 40, 55, 41, 54, 42, 53, 43, 52, 44, 51, 45, 50, 58, 88, 60, 86, 61, 85, 62, 80, 63, 79, 64, 78, 65, 77, 66, 76, 67, 75, 68, 74, 69, 73, 97, 118, 98, 117, 99, 116, 100, 115, 101, 114, 102, 113, 103, 112, 104, 111, 105, 110, 121, 133, 122, 132, 123, 131, 124, 130, 125, 129]
Dot Bracket:
 ....((((((...(.((.(........).)).)...(.(.((((((....)))))).)[)[[[[[[[[[[...]]]]]]]]....]].].)))))).[[[[[[[[[....]]]]]]]]]..[[[[[...]]]]]...
137
