Iteration 0

setting environment up
running sfold binary

Sfold Executable Code for Academic Users, Version 2.2-20110126
 Running partition function and statistical sampling module... done
 (general output in /home/chris/devtree/pseudoKnot_research/output/sfold.out)
 Running structure clustering module... done
 (general output in /home/chris/devtree/pseudoKnot_research/output/sclass.out)
Process completed. See output files in '/home/chris/devtree/pseudoKnot_research/output'.

running sampling algorithm
beginning Burn in iterations

Centroid Structure
Length:
 30
Pairs:
 [(0, 86), (1, 85), (2, 73), (3, 72), (4, 71), (5, 70), (6, 69), (8, 27), (9, 26), (10, 25), (11, 24), (12, 23), (13, 22), (14, 21), (28, 67), (29, 66), (30, 65), (31, 64), (32, 47), (33, 46), (34, 45), (35, 44), (36, 43), (37, 42), (49, 60), (50, 59), (51, 58), (52, 57), (74, 80), (75, 79)]
Pairs:
 [0, 86, 1, 85, 2, 73, 3, 72, 4, 71, 5, 70, 6, 69, 8, 27, 9, 26, 10, 25, 11, 24, 12, 23, 13, 22, 14, 21, 28, 67, 29, 66, 30, 65, 31, 64, 32, 47, 33, 46, 34, 45, 35, 44, 36, 43, 37, 42, 49, 60, 50, 59, 51, 58, 52, 57, 74, 80, 75, 79]
Dot Bracket:
 (((((((.(((((((......)))))))((((((((((....)))))).((((....))))...)))).)))))((...))....))...
90


Iteration 1


setting environment up
running sampling algorithm
beginning Burn in iterations

Centroid Structure
Length:
 31
Pairs:
 [(1, 74), (2, 73), (3, 72), (4, 71), (5, 70), (6, 69), (8, 27), (9, 26), (10, 25), (11, 24), (12, 23), (13, 22), (14, 21), (15, 20), (28, 67), (29, 66), (30, 65), (31, 64), (32, 47), (33, 46), (34, 45), (35, 44), (36, 43), (37, 42), (49, 60), (50, 59), (51, 58), (52, 57), (78, 88), (79, 87), (80, 86)]
Pairs:
 [1, 74, 2, 73, 3, 72, 4, 71, 5, 70, 6, 69, 8, 27, 9, 26, 10, 25, 11, 24, 12, 23, 13, 22, 14, 21, 15, 20, 28, 67, 29, 66, 30, 65, 31, 64, 32, 47, 33, 46, 34, 45, 35, 44, 36, 43, 37, 42, 49, 60, 50, 59, 51, 58, 52, 57, 78, 88, 79, 87, 80, 86]
Dot Bracket:
 .((((((.((((((((....))))))))((((((((((....)))))).((((....))))...)))).))))))...(((.....))).
90


Iteration 2


setting environment up
running sampling algorithm
beginning Burn in iterations

Centroid Structure
Length:
 30
Pairs:
 [(1, 74), (2, 73), (3, 72), (4, 71), (5, 70), (6, 69), (8, 27), (9, 26), (10, 25), (11, 24), (12, 23), (13, 21), (15, 20), (28, 67), (29, 66), (30, 65), (31, 64), (32, 47), (33, 46), (34, 45), (35, 44), (36, 43), (37, 42), (49, 60), (50, 59), (51, 58), (52, 57), (77, 89), (78, 88), (79, 87)]
Pairs:
 [1, 74, 2, 73, 3, 72, 4, 71, 5, 70, 6, 69, 8, 27, 9, 26, 10, 25, 11, 24, 12, 23, 13, 21, 15, 20, 28, 67, 29, 66, 30, 65, 31, 64, 32, 47, 33, 46, 34, 45, 35, 44, 36, 43, 37, 42, 49, 60, 50, 59, 51, 58, 52, 57, 77, 89, 78, 88, 79, 87]
Dot Bracket:
 .((((((.((((((.(....)).)))))((((((((((....)))))).((((....))))...)))).))))))..(((.......)))
90


Iteration 3


setting environment up
running sampling algorithm
beginning Burn in iterations

Centroid Structure
Length:
 32
Pairs:
 [(1, 74), (2, 73), (3, 72), (4, 71), (5, 70), (6, 69), (8, 27), (9, 26), (10, 25), (11, 24), (12, 23), (13, 22), (14, 21), (15, 20), (28, 67), (29, 66), (30, 65), (31, 64), (32, 47), (33, 46), (34, 45), (35, 44), (36, 43), (37, 42), (49, 60), (50, 59), (51, 58), (52, 57), (77, 89), (78, 88), (79, 87), (80, 86)]
Pairs:
 [1, 74, 2, 73, 3, 72, 4, 71, 5, 70, 6, 69, 8, 27, 9, 26, 10, 25, 11, 24, 12, 23, 13, 22, 14, 21, 15, 20, 28, 67, 29, 66, 30, 65, 31, 64, 32, 47, 33, 46, 34, 45, 35, 44, 36, 43, 37, 42, 49, 60, 50, 59, 51, 58, 52, 57, 77, 89, 78, 88, 79, 87, 80, 86]
Dot Bracket:
 .((((((.((((((((....))))))))((((((((((....)))))).((((....))))...)))).))))))..((((.....))))
90


Iteration 4


setting environment up
running sampling algorithm
beginning Burn in iterations

Centroid Structure
Length:
 29
Pairs:
 [(1, 74), (2, 73), (3, 72), (4, 71), (5, 70), (6, 69), (9, 26), (10, 25), (11, 24), (12, 23), (13, 22), (14, 21), (28, 67), (29, 66), (30, 65), (31, 64), (32, 47), (33, 46), (34, 45), (35, 44), (36, 43), (37, 42), (49, 60), (50, 59), (51, 58), (52, 57), (78, 88), (79, 87), (80, 86)]
Pairs:
 [1, 74, 2, 73, 3, 72, 4, 71, 5, 70, 6, 69, 9, 26, 10, 25, 11, 24, 12, 23, 13, 22, 14, 21, 28, 67, 29, 66, 30, 65, 31, 64, 32, 47, 33, 46, 34, 45, 35, 44, 36, 43, 37, 42, 49, 60, 50, 59, 51, 58, 52, 57, 78, 88, 79, 87, 80, 86]
Dot Bracket:
 .((((((..((((((......)))))).((((((((((....)))))).((((....))))...)))).))))))...(((.....))).
90


Iteration 5


setting environment up
running sampling algorithm
beginning Burn in iterations

Centroid Structure
Length:
 32
Pairs:
 [(1, 74), (2, 73), (3, 72), (4, 71), (5, 70), (6, 69), (8, 27), (9, 26), (10, 25), (11, 24), (12, 23), (13, 22), (14, 21), (15, 20), (28, 67), (29, 66), (30, 65), (31, 64), (32, 47), (33, 46), (34, 45), (35, 44), (36, 43), (37, 42), (49, 60), (50, 59), (51, 58), (52, 57), (77, 89), (78, 88), (79, 87), (80, 86)]
Pairs:
 [1, 74, 2, 73, 3, 72, 4, 71, 5, 70, 6, 69, 8, 27, 9, 26, 10, 25, 11, 24, 12, 23, 13, 22, 14, 21, 15, 20, 28, 67, 29, 66, 30, 65, 31, 64, 32, 47, 33, 46, 34, 45, 35, 44, 36, 43, 37, 42, 49, 60, 50, 59, 51, 58, 52, 57, 77, 89, 78, 88, 79, 87, 80, 86]
Dot Bracket:
 .((((((.((((((((....))))))))((((((((((....)))))).((((....))))...)))).))))))..((((.....))))
90


Iteration 6


setting environment up
running sampling algorithm
beginning Burn in iterations

Centroid Structure
Length:
 31
Pairs:
 [(1, 74), (2, 73), (3, 72), (4, 71), (5, 70), (6, 69), (8, 27), (9, 26), (10, 25), (11, 24), (12, 23), (13, 22), (14, 21), (28, 67), (29, 66), (30, 65), (31, 64), (32, 47), (33, 46), (34, 45), (35, 44), (36, 43), (37, 42), (49, 60), (50, 59), (51, 58), (52, 57), (77, 89), (78, 88), (79, 87), (80, 86)]
Pairs:
 [1, 74, 2, 73, 3, 72, 4, 71, 5, 70, 6, 69, 8, 27, 9, 26, 10, 25, 11, 24, 12, 23, 13, 22, 14, 21, 28, 67, 29, 66, 30, 65, 31, 64, 32, 47, 33, 46, 34, 45, 35, 44, 36, 43, 37, 42, 49, 60, 50, 59, 51, 58, 52, 57, 77, 89, 78, 88, 79, 87, 80, 86]
Dot Bracket:
 .((((((.(((((((......)))))))((((((((((....)))))).((((....))))...)))).))))))..((((.....))))
90


Iteration 7


setting environment up
running sampling algorithm
beginning Burn in iterations

Centroid Structure
Length:
 30
Pairs:
 [(1, 74), (2, 73), (3, 72), (4, 71), (5, 70), (6, 69), (8, 27), (9, 26), (10, 25), (11, 24), (12, 23), (13, 22), (14, 21), (15, 20), (28, 67), (29, 66), (30, 65), (31, 64), (32, 47), (33, 46), (34, 45), (35, 44), (36, 43), (37, 42), (49, 60), (50, 59), (51, 58), (52, 57), (79, 87), (80, 86)]
Pairs:
 [1, 74, 2, 73, 3, 72, 4, 71, 5, 70, 6, 69, 8, 27, 9, 26, 10, 25, 11, 24, 12, 23, 13, 22, 14, 21, 15, 20, 28, 67, 29, 66, 30, 65, 31, 64, 32, 47, 33, 46, 34, 45, 35, 44, 36, 43, 37, 42, 49, 60, 50, 59, 51, 58, 52, 57, 79, 87, 80, 86]
Dot Bracket:
 .((((((.((((((((....))))))))((((((((((....)))))).((((....))))...)))).))))))....((.....))..
90


Iteration 8


setting environment up
running sampling algorithm
beginning Burn in iterations

Centroid Structure
Length:
 31
Pairs:
 [(1, 74), (2, 73), (3, 72), (4, 71), (5, 70), (6, 69), (8, 27), (9, 26), (10, 25), (11, 24), (12, 23), (13, 22), (14, 21), (15, 20), (28, 67), (29, 66), (30, 65), (31, 64), (32, 47), (33, 46), (34, 45), (35, 44), (36, 43), (37, 42), (49, 60), (50, 59), (51, 58), (52, 57), (78, 88), (79, 87), (80, 86)]
Pairs:
 [1, 74, 2, 73, 3, 72, 4, 71, 5, 70, 6, 69, 8, 27, 9, 26, 10, 25, 11, 24, 12, 23, 13, 22, 14, 21, 15, 20, 28, 67, 29, 66, 30, 65, 31, 64, 32, 47, 33, 46, 34, 45, 35, 44, 36, 43, 37, 42, 49, 60, 50, 59, 51, 58, 52, 57, 78, 88, 79, 87, 80, 86]
Dot Bracket:
 .((((((.((((((((....))))))))((((((((((....)))))).((((....))))...)))).))))))...(((.....))).
90


Iteration 9


setting environment up
running sampling algorithm
beginning Burn in iterations

Centroid Structure
Length:
 31
Pairs:
 [(1, 74), (2, 73), (3, 72), (4, 71), (5, 70), (6, 69), (8, 27), (9, 26), (10, 25), (11, 24), (12, 23), (13, 22), (14, 21), (15, 20), (28, 67), (29, 66), (30, 65), (31, 64), (32, 47), (33, 46), (34, 45), (35, 44), (36, 43), (37, 42), (49, 60), (50, 59), (51, 58), (52, 57), (77, 89), (78, 88), (80, 86)]
Pairs:
 [1, 74, 2, 73, 3, 72, 4, 71, 5, 70, 6, 69, 8, 27, 9, 26, 10, 25, 11, 24, 12, 23, 13, 22, 14, 21, 15, 20, 28, 67, 29, 66, 30, 65, 31, 64, 32, 47, 33, 46, 34, 45, 35, 44, 36, 43, 37, 42, 49, 60, 50, 59, 51, 58, 52, 57, 77, 89, 78, 88, 80, 86]
Dot Bracket:
 .((((((.((((((((....))))))))((((((((((....)))))).((((....))))...)))).))))))..((.(.....).))
90


Iteration 10


setting environment up
running sampling algorithm
beginning Burn in iterations

Centroid Structure
Length:
 32
Pairs:
 [(1, 74), (2, 73), (3, 72), (4, 71), (5, 70), (6, 69), (8, 27), (9, 26), (10, 25), (11, 24), (12, 23), (13, 22), (14, 21), (15, 20), (28, 67), (29, 66), (30, 65), (31, 64), (32, 47), (33, 46), (34, 45), (35, 44), (36, 43), (37, 42), (49, 60), (50, 59), (51, 58), (52, 57), (77, 89), (78, 88), (79, 87), (80, 86)]
Pairs:
 [1, 74, 2, 73, 3, 72, 4, 71, 5, 70, 6, 69, 8, 27, 9, 26, 10, 25, 11, 24, 12, 23, 13, 22, 14, 21, 15, 20, 28, 67, 29, 66, 30, 65, 31, 64, 32, 47, 33, 46, 34, 45, 35, 44, 36, 43, 37, 42, 49, 60, 50, 59, 51, 58, 52, 57, 77, 89, 78, 88, 79, 87, 80, 86]
Dot Bracket:
 .((((((.((((((((....))))))))((((((((((....)))))).((((....))))...)))).))))))..((((.....))))
90


Iteration 11


setting environment up
running sampling algorithm
beginning Burn in iterations

Centroid Structure
Length:
 29
Pairs:
 [(1, 74), (2, 73), (3, 72), (4, 71), (5, 70), (6, 69), (8, 27), (9, 26), (10, 25), (11, 24), (12, 23), (13, 22), (14, 21), (28, 67), (29, 66), (30, 65), (31, 64), (32, 47), (33, 46), (34, 45), (35, 44), (36, 43), (37, 42), (49, 60), (50, 59), (51, 58), (52, 57), (79, 87), (80, 86)]
Pairs:
 [1, 74, 2, 73, 3, 72, 4, 71, 5, 70, 6, 69, 8, 27, 9, 26, 10, 25, 11, 24, 12, 23, 13, 22, 14, 21, 28, 67, 29, 66, 30, 65, 31, 64, 32, 47, 33, 46, 34, 45, 35, 44, 36, 43, 37, 42, 49, 60, 50, 59, 51, 58, 52, 57, 79, 87, 80, 86]
Dot Bracket:
 .((((((.(((((((......)))))))((((((((((....)))))).((((....))))...)))).))))))....((.....))..
90


Iteration 12


setting environment up
running sampling algorithm
beginning Burn in iterations

Centroid Structure
Length:
 32
Pairs:
 [(1, 74), (2, 73), (3, 72), (4, 71), (5, 70), (6, 69), (8, 27), (9, 26), (10, 25), (11, 24), (12, 23), (13, 22), (14, 21), (15, 20), (28, 67), (29, 66), (30, 65), (31, 64), (32, 47), (33, 46), (34, 45), (35, 44), (36, 43), (37, 42), (49, 60), (50, 59), (51, 58), (52, 57), (77, 89), (78, 88), (79, 87), (80, 86)]
Pairs:
 [1, 74, 2, 73, 3, 72, 4, 71, 5, 70, 6, 69, 8, 27, 9, 26, 10, 25, 11, 24, 12, 23, 13, 22, 14, 21, 15, 20, 28, 67, 29, 66, 30, 65, 31, 64, 32, 47, 33, 46, 34, 45, 35, 44, 36, 43, 37, 42, 49, 60, 50, 59, 51, 58, 52, 57, 77, 89, 78, 88, 79, 87, 80, 86]
Dot Bracket:
 .((((((.((((((((....))))))))((((((((((....)))))).((((....))))...)))).))))))..((((.....))))
90


Iteration 13


setting environment up
running sampling algorithm
beginning Burn in iterations

Centroid Structure
Length:
 30
Pairs:
 [(0, 86), (1, 85), (2, 73), (3, 72), (4, 71), (5, 70), (6, 69), (8, 27), (9, 26), (10, 25), (11, 24), (12, 23), (13, 22), (14, 21), (15, 20), (28, 67), (29, 66), (30, 65), (31, 64), (32, 47), (33, 46), (34, 45), (35, 44), (36, 43), (37, 42), (49, 60), (51, 59), (53, 57), (74, 80), (75, 79)]
Pairs:
 [0, 86, 1, 85, 2, 73, 3, 72, 4, 71, 5, 70, 6, 69, 8, 27, 9, 26, 10, 25, 11, 24, 12, 23, 13, 22, 14, 21, 15, 20, 28, 67, 29, 66, 30, 65, 31, 64, 32, 47, 33, 46, 34, 45, 35, 44, 36, 43, 37, 42, 49, 60, 51, 59, 53, 57, 74, 80, 75, 79]
Dot Bracket:
 (((((((.((((((((....))))))))((((((((((....)))))).(.(.(...).))...)))).)))))((...))....))...
90


Iteration 14


setting environment up
running sampling algorithm
beginning Burn in iterations

Centroid Structure
Length:
 29
Pairs:
 [(1, 74), (2, 73), (3, 72), (4, 71), (5, 70), (6, 69), (8, 27), (9, 26), (10, 25), (11, 24), (12, 23), (13, 22), (14, 21), (28, 67), (29, 66), (30, 65), (31, 64), (32, 47), (33, 46), (34, 45), (35, 44), (36, 43), (37, 42), (49, 60), (50, 59), (51, 58), (52, 57), (79, 87), (80, 86)]
Pairs:
 [1, 74, 2, 73, 3, 72, 4, 71, 5, 70, 6, 69, 8, 27, 9, 26, 10, 25, 11, 24, 12, 23, 13, 22, 14, 21, 28, 67, 29, 66, 30, 65, 31, 64, 32, 47, 33, 46, 34, 45, 35, 44, 36, 43, 37, 42, 49, 60, 50, 59, 51, 58, 52, 57, 79, 87, 80, 86]
Dot Bracket:
 .((((((.(((((((......)))))))((((((((((....)))))).((((....))))...)))).))))))....((.....))..
90


Iteration 15


setting environment up
running sampling algorithm
beginning Burn in iterations

Centroid Structure
Length:
 32
Pairs:
 [(1, 74), (2, 73), (3, 72), (4, 71), (5, 70), (6, 69), (8, 27), (9, 26), (10, 25), (11, 24), (12, 23), (13, 22), (14, 21), (15, 20), (28, 67), (29, 66), (30, 65), (31, 64), (32, 47), (33, 46), (34, 45), (35, 44), (36, 43), (37, 42), (49, 60), (50, 59), (51, 58), (52, 57), (77, 89), (78, 88), (79, 87), (80, 86)]
Pairs:
 [1, 74, 2, 73, 3, 72, 4, 71, 5, 70, 6, 69, 8, 27, 9, 26, 10, 25, 11, 24, 12, 23, 13, 22, 14, 21, 15, 20, 28, 67, 29, 66, 30, 65, 31, 64, 32, 47, 33, 46, 34, 45, 35, 44, 36, 43, 37, 42, 49, 60, 50, 59, 51, 58, 52, 57, 77, 89, 78, 88, 79, 87, 80, 86]
Dot Bracket:
 .((((((.((((((((....))))))))((((((((((....)))))).((((....))))...)))).))))))..((((.....))))
90


Iteration 16


setting environment up
running sampling algorithm
beginning Burn in iterations

Centroid Structure
Length:
 29
Pairs:
 [(1, 74), (2, 73), (3, 72), (4, 71), (5, 70), (6, 69), (8, 27), (9, 26), (10, 25), (11, 24), (12, 23), (13, 22), (14, 21), (15, 20), (28, 67), (29, 66), (30, 65), (31, 64), (32, 47), (33, 46), (34, 45), (35, 44), (36, 43), (37, 42), (49, 60), (50, 59), (51, 58), (52, 57), (78, 87)]
Pairs:
 [1, 74, 2, 73, 3, 72, 4, 71, 5, 70, 6, 69, 8, 27, 9, 26, 10, 25, 11, 24, 12, 23, 13, 22, 14, 21, 15, 20, 28, 67, 29, 66, 30, 65, 31, 64, 32, 47, 33, 46, 34, 45, 35, 44, 36, 43, 37, 42, 49, 60, 50, 59, 51, 58, 52, 57, 78, 87]
Dot Bracket:
 .((((((.((((((((....))))))))((((((((((....)))))).((((....))))...)))).))))))...(........)..
90


Iteration 17


setting environment up
running sampling algorithm
beginning Burn in iterations

Centroid Structure
Length:
 31
Pairs:
 [(1, 74), (2, 73), (3, 72), (4, 71), (5, 70), (6, 69), (8, 27), (9, 26), (10, 25), (11, 24), (12, 23), (13, 22), (14, 21), (15, 20), (28, 67), (29, 66), (30, 65), (31, 64), (32, 47), (33, 46), (34, 45), (35, 44), (36, 43), (37, 42), (49, 60), (50, 59), (51, 58), (52, 57), (77, 89), (78, 88), (79, 87)]
Pairs:
 [1, 74, 2, 73, 3, 72, 4, 71, 5, 70, 6, 69, 8, 27, 9, 26, 10, 25, 11, 24, 12, 23, 13, 22, 14, 21, 15, 20, 28, 67, 29, 66, 30, 65, 31, 64, 32, 47, 33, 46, 34, 45, 35, 44, 36, 43, 37, 42, 49, 60, 50, 59, 51, 58, 52, 57, 77, 89, 78, 88, 79, 87]
Dot Bracket:
 .((((((.((((((((....))))))))((((((((((....)))))).((((....))))...)))).))))))..(((.......)))
90


Iteration 18


setting environment up
running sampling algorithm
beginning Burn in iterations

Centroid Structure
Length:
 32
Pairs:
 [(1, 74), (2, 73), (3, 72), (4, 71), (5, 70), (6, 69), (8, 27), (9, 26), (10, 25), (11, 24), (12, 23), (13, 22), (14, 21), (15, 20), (28, 67), (29, 66), (30, 65), (31, 64), (32, 47), (33, 46), (34, 45), (35, 44), (36, 43), (37, 42), (49, 60), (50, 59), (51, 58), (52, 57), (77, 89), (78, 88), (79, 87), (80, 86)]
Pairs:
 [1, 74, 2, 73, 3, 72, 4, 71, 5, 70, 6, 69, 8, 27, 9, 26, 10, 25, 11, 24, 12, 23, 13, 22, 14, 21, 15, 20, 28, 67, 29, 66, 30, 65, 31, 64, 32, 47, 33, 46, 34, 45, 35, 44, 36, 43, 37, 42, 49, 60, 50, 59, 51, 58, 52, 57, 77, 89, 78, 88, 79, 87, 80, 86]
Dot Bracket:
 .((((((.((((((((....))))))))((((((((((....)))))).((((....))))...)))).))))))..((((.....))))
90


Iteration 19


setting environment up
running sampling algorithm
beginning Burn in iterations

Centroid Structure
Length:
 31
Pairs:
 [(0, 86), (1, 74), (2, 73), (3, 72), (4, 71), (5, 70), (6, 69), (8, 27), (9, 26), (10, 25), (11, 24), (12, 23), (13, 22), (14, 21), (15, 20), (28, 67), (29, 66), (30, 65), (31, 64), (32, 47), (33, 46), (34, 45), (35, 44), (36, 43), (37, 42), (49, 60), (50, 59), (51, 58), (52, 57), (77, 89), (79, 87)]
Pairs:
 [0, 86, 1, 74, 2, 73, 3, 72, 4, 71, 5, 70, 6, 69, 8, 27, 9, 26, 10, 25, 11, 24, 12, 23, 13, 22, 14, 21, 15, 20, 28, 67, 29, 66, 30, 65, 31, 64, 32, 47, 33, 46, 34, 45, 35, 44, 36, 43, 37, 42, 49, 60, 50, 59, 51, 58, 52, 57, 77, 89, 79, 87]
Dot Bracket:
 (((((((.((((((((....))))))))((((((((((....)))))).((((....))))...)))).))))))..[.[......)].]
90
