Iteration 0

setting environment up
running sfold binary

Sfold Executable Code for Academic Users, Version 2.2-20110126
 Running partition function and statistical sampling module... done
 (general output in /home/chris/devtree/pseudoKnot_research/output/sfold.out)
 Running structure clustering module... done
 (general output in /home/chris/devtree/pseudoKnot_research/output/sclass.out)
Process completed. See output files in '/home/chris/devtree/pseudoKnot_research/output'.

running sampling algorithm
beginning Burn in iterations

Centroid Structure
Length:
 19
Pairs:
 [(5, 24), (6, 23), (7, 22), (8, 20), (10, 18), (11, 17), (25, 65), (26, 64), (27, 63), (28, 62), (30, 60), (31, 59), (32, 58), (33, 57), (39, 53), (40, 52), (41, 51), (42, 50), (43, 49)]
Pairs:
 [5, 24, 6, 23, 7, 22, 8, 20, 10, 18, 11, 17, 25, 65, 26, 64, 27, 63, 28, 62, 30, 60, 31, 59, 32, 58, 33, 57, 39, 53, 40, 52, 41, 51, 42, 50, 43, 49]
Dot Bracket:
 .....((((.((.....)).).)))((((.((((.....(((((.....)))))...)))).)))).
67


Iteration 1


setting environment up
running sampling algorithm
beginning Burn in iterations

Centroid Structure
Length:
 20
Pairs:
 [(1, 24), (8, 19), (9, 18), (10, 17), (11, 16), (25, 65), (26, 64), (27, 63), (28, 62), (30, 60), (31, 59), (32, 58), (33, 57), (35, 56), (37, 55), (38, 53), (40, 52), (41, 51), (42, 50), (43, 49)]
Pairs:
 [1, 24, 8, 19, 9, 18, 10, 17, 11, 16, 25, 65, 26, 64, 27, 63, 28, 62, 30, 60, 31, 59, 32, 58, 33, 57, 35, 56, 37, 55, 38, 53, 40, 52, 41, 51, 42, 50, 43, 49]
Dot Bracket:
 .(......((((....))))....)((((.((((.(.((.((((.....))))).)))))).)))).
67


Iteration 2


setting environment up
running sampling algorithm
beginning Burn in iterations

Centroid Structure
Length:
 17
Pairs:
 [(5, 24), (6, 23), (7, 22), (9, 18), (25, 65), (26, 64), (27, 63), (28, 62), (30, 60), (31, 59), (32, 58), (33, 57), (35, 53), (37, 51), (38, 50), (39, 49), (40, 52)]
Pairs:
 [5, 24, 6, 23, 7, 22, 9, 18, 25, 65, 26, 64, 27, 63, 28, 62, 30, 60, 31, 59, 32, 58, 33, 57, 35, 53, 37, 51, 38, 50, 39, 49, 40, 52]
Dot Bracket:
 .....(((.(........)...)))((((.((((.(.((([........)))])...)))).)))).
67


Iteration 3


setting environment up
running sampling algorithm
beginning Burn in iterations

Centroid Structure
Length:
 22
Pairs:
 [(5, 24), (6, 23), (7, 22), (8, 19), (9, 18), (10, 17), (11, 16), (25, 65), (26, 64), (27, 63), (28, 62), (30, 60), (31, 59), (32, 58), (33, 57), (35, 56), (37, 55), (39, 53), (40, 52), (41, 51), (42, 50), (43, 49)]
Pairs:
 [5, 24, 6, 23, 7, 22, 8, 19, 9, 18, 10, 17, 11, 16, 25, 65, 26, 64, 27, 63, 28, 62, 30, 60, 31, 59, 32, 58, 33, 57, 35, 56, 37, 55, 39, 53, 40, 52, 41, 51, 42, 50, 43, 49]
Dot Bracket:
 .....(((((((....))))..)))((((.((((.(.(.(((((.....))))).)))))).)))).
67


Iteration 4


setting environment up
running sampling algorithm
beginning Burn in iterations

Centroid Structure
Length:
 20
Pairs:
 [(1, 24), (6, 23), (7, 22), (8, 21), (9, 18), (10, 17), (11, 16), (25, 65), (26, 64), (27, 63), (28, 62), (30, 60), (31, 59), (32, 58), (33, 57), (37, 54), (38, 50), (39, 49), (40, 52), (41, 51)]
Pairs:
 [1, 24, 6, 23, 7, 22, 8, 21, 9, 18, 10, 17, 11, 16, 25, 65, 26, 64, 27, 63, 28, 62, 30, 60, 31, 59, 32, 58, 33, 57, 37, 54, 38, 50, 39, 49, 40, 52, 41, 51]
Dot Bracket:
 .(....((((((....)))..))))((((.((((...((([[.......))]].)..)))).)))).
67


Iteration 5


setting environment up
running sampling algorithm
beginning Burn in iterations

Centroid Structure
Length:
 19
Pairs:
 [(5, 24), (6, 23), (7, 22), (9, 18), (10, 17), (11, 16), (25, 65), (26, 64), (27, 63), (28, 62), (30, 60), (31, 59), (32, 58), (33, 57), (39, 53), (40, 52), (41, 51), (42, 50), (43, 49)]
Pairs:
 [5, 24, 6, 23, 7, 22, 9, 18, 10, 17, 11, 16, 25, 65, 26, 64, 27, 63, 28, 62, 30, 60, 31, 59, 32, 58, 33, 57, 39, 53, 40, 52, 41, 51, 42, 50, 43, 49]
Dot Bracket:
 .....(((.(((....)))...)))((((.((((.....(((((.....)))))...)))).)))).
67


Iteration 6


setting environment up
running sampling algorithm
beginning Burn in iterations

Centroid Structure
Length:
 20
Pairs:
 [(5, 24), (6, 23), (7, 22), (8, 19), (9, 18), (10, 17), (11, 16), (25, 65), (26, 64), (27, 63), (28, 62), (30, 60), (31, 59), (32, 58), (33, 57), (35, 53), (37, 51), (40, 52), (42, 50), (43, 49)]
Pairs:
 [5, 24, 6, 23, 7, 22, 8, 19, 9, 18, 10, 17, 11, 16, 25, 65, 26, 64, 27, 63, 28, 62, 30, 60, 31, 59, 32, 58, 33, 57, 35, 53, 37, 51, 40, 52, 42, 50, 43, 49]
Dot Bracket:
 .....(((((((....))))..)))((((.((((.(.(..[.[[.....]])])...)))).)))).
67


Iteration 7


setting environment up
running sampling algorithm
beginning Burn in iterations

Centroid Structure
Length:
 20
Pairs:
 [(5, 24), (6, 23), (7, 22), (8, 19), (9, 18), (10, 17), (11, 16), (25, 65), (26, 64), (27, 63), (28, 62), (30, 60), (31, 59), (32, 58), (33, 57), (35, 53), (36, 52), (41, 51), (42, 50), (43, 49)]
Pairs:
 [5, 24, 6, 23, 7, 22, 8, 19, 9, 18, 10, 17, 11, 16, 25, 65, 26, 64, 27, 63, 28, 62, 30, 60, 31, 59, 32, 58, 33, 57, 35, 53, 36, 52, 41, 51, 42, 50, 43, 49]
Dot Bracket:
 .....(((((((....))))..)))((((.((((.((....(((.....)))))...)))).)))).
67


Iteration 8


setting environment up
running sampling algorithm
beginning Burn in iterations

Centroid Structure
Length:
 21
Pairs:
 [(5, 24), (6, 23), (7, 22), (9, 18), (10, 17), (11, 16), (25, 65), (26, 64), (27, 63), (28, 62), (30, 60), (31, 59), (32, 58), (33, 57), (36, 56), (37, 55), (39, 53), (40, 52), (41, 51), (42, 50), (43, 49)]
Pairs:
 [5, 24, 6, 23, 7, 22, 9, 18, 10, 17, 11, 16, 25, 65, 26, 64, 27, 63, 28, 62, 30, 60, 31, 59, 32, 58, 33, 57, 36, 56, 37, 55, 39, 53, 40, 52, 41, 51, 42, 50, 43, 49]
Dot Bracket:
 .....(((.(((....)))...)))((((.((((..((.(((((.....))))).)))))).)))).
67


Iteration 9


setting environment up
running sampling algorithm
beginning Burn in iterations

Centroid Structure
Length:
 21
Pairs:
 [(5, 24), (6, 23), (7, 22), (8, 19), (9, 18), (10, 17), (11, 16), (25, 65), (26, 64), (27, 63), (28, 62), (30, 60), (31, 59), (32, 58), (33, 57), (36, 56), (39, 53), (40, 52), (41, 51), (42, 50), (43, 49)]
Pairs:
 [5, 24, 6, 23, 7, 22, 8, 19, 9, 18, 10, 17, 11, 16, 25, 65, 26, 64, 27, 63, 28, 62, 30, 60, 31, 59, 32, 58, 33, 57, 36, 56, 39, 53, 40, 52, 41, 51, 42, 50, 43, 49]
Dot Bracket:
 .....(((((((....))))..)))((((.((((..(..(((((.....)))))..))))).)))).
67


Iteration 10


setting environment up
running sampling algorithm
beginning Burn in iterations

Centroid Structure
Length:
 22
Pairs:
 [(1, 24), (6, 23), (7, 22), (8, 21), (9, 18), (10, 17), (11, 16), (25, 65), (26, 64), (27, 63), (28, 62), (30, 60), (31, 59), (32, 58), (33, 57), (35, 56), (37, 54), (39, 53), (40, 52), (41, 51), (42, 50), (43, 49)]
Pairs:
 [1, 24, 6, 23, 7, 22, 8, 21, 9, 18, 10, 17, 11, 16, 25, 65, 26, 64, 27, 63, 28, 62, 30, 60, 31, 59, 32, 58, 33, 57, 35, 56, 37, 54, 39, 53, 40, 52, 41, 51, 42, 50, 43, 49]
Dot Bracket:
 .(....((((((....)))..))))((((.((((.(.(.(((((.....)))))).))))).)))).
67


Iteration 11


setting environment up
running sampling algorithm
beginning Burn in iterations

Centroid Structure
Length:
 18
Pairs:
 [(5, 24), (6, 23), (7, 22), (9, 18), (10, 17), (11, 16), (25, 65), (26, 64), (27, 63), (28, 62), (30, 60), (31, 59), (32, 58), (33, 57), (40, 52), (41, 51), (42, 50), (43, 49)]
Pairs:
 [5, 24, 6, 23, 7, 22, 9, 18, 10, 17, 11, 16, 25, 65, 26, 64, 27, 63, 28, 62, 30, 60, 31, 59, 32, 58, 33, 57, 40, 52, 41, 51, 42, 50, 43, 49]
Dot Bracket:
 .....(((.(((....)))...)))((((.((((......((((.....))))....)))).)))).
67


Iteration 12


setting environment up
running sampling algorithm
beginning Burn in iterations

Centroid Structure
Length:
 20
Pairs:
 [(5, 24), (6, 23), (7, 22), (8, 19), (9, 18), (10, 17), (11, 16), (25, 65), (26, 64), (27, 63), (28, 62), (30, 60), (31, 59), (32, 58), (33, 57), (35, 53), (36, 52), (38, 50), (41, 51), (43, 48)]
Pairs:
 [5, 24, 6, 23, 7, 22, 8, 19, 9, 18, 10, 17, 11, 16, 25, 65, 26, 64, 27, 63, 28, 62, 30, 60, 31, 59, 32, 58, 33, 57, 35, 53, 36, 52, 38, 50, 41, 51, 43, 48]
Dot Bracket:
 .....(((((((....))))..)))((((.((((.((.(..[.[....].)]))...)))).)))).
67


Iteration 13


setting environment up
running sampling algorithm
beginning Burn in iterations

Centroid Structure
Length:
 22
Pairs:
 [(5, 24), (6, 23), (7, 22), (8, 19), (9, 18), (10, 17), (11, 16), (25, 65), (26, 64), (27, 63), (28, 62), (30, 60), (31, 59), (32, 58), (33, 57), (36, 56), (37, 55), (39, 53), (40, 52), (41, 51), (42, 50), (43, 49)]
Pairs:
 [5, 24, 6, 23, 7, 22, 8, 19, 9, 18, 10, 17, 11, 16, 25, 65, 26, 64, 27, 63, 28, 62, 30, 60, 31, 59, 32, 58, 33, 57, 36, 56, 37, 55, 39, 53, 40, 52, 41, 51, 42, 50, 43, 49]
Dot Bracket:
 .....(((((((....))))..)))((((.((((..((.(((((.....))))).)))))).)))).
67


Iteration 14


setting environment up
running sampling algorithm
beginning Burn in iterations

Centroid Structure
Length:
 20
Pairs:
 [(5, 24), (6, 23), (7, 22), (8, 19), (9, 18), (10, 17), (11, 16), (25, 65), (26, 64), (27, 63), (28, 62), (30, 60), (31, 59), (32, 58), (33, 57), (39, 53), (40, 52), (41, 51), (42, 50), (43, 49)]
Pairs:
 [5, 24, 6, 23, 7, 22, 8, 19, 9, 18, 10, 17, 11, 16, 25, 65, 26, 64, 27, 63, 28, 62, 30, 60, 31, 59, 32, 58, 33, 57, 39, 53, 40, 52, 41, 51, 42, 50, 43, 49]
Dot Bracket:
 .....(((((((....))))..)))((((.((((.....(((((.....)))))...)))).)))).
67


Iteration 15


setting environment up
running sampling algorithm
beginning Burn in iterations

Centroid Structure
Length:
 20
Pairs:
 [(5, 24), (6, 23), (7, 22), (8, 19), (9, 18), (10, 17), (11, 16), (25, 65), (26, 64), (27, 63), (28, 62), (30, 60), (31, 59), (32, 58), (33, 57), (37, 51), (39, 53), (40, 52), (42, 50), (43, 48)]
Pairs:
 [5, 24, 6, 23, 7, 22, 8, 19, 9, 18, 10, 17, 11, 16, 25, 65, 26, 64, 27, 63, 28, 62, 30, 60, 31, 59, 32, 58, 33, 57, 37, 51, 39, 53, 40, 52, 42, 50, 43, 48]
Dot Bracket:
 .....(((((((....))))..)))((((.((((...(.[[.[[....].])]]...)))).)))).
67


Iteration 16


setting environment up
running sampling algorithm
beginning Burn in iterations

Centroid Structure
Length:
 19
Pairs:
 [(5, 24), (6, 23), (7, 22), (9, 18), (10, 17), (11, 16), (25, 65), (26, 64), (27, 63), (28, 62), (30, 60), (31, 59), (32, 58), (33, 57), (39, 53), (40, 52), (41, 51), (42, 50), (43, 49)]
Pairs:
 [5, 24, 6, 23, 7, 22, 9, 18, 10, 17, 11, 16, 25, 65, 26, 64, 27, 63, 28, 62, 30, 60, 31, 59, 32, 58, 33, 57, 39, 53, 40, 52, 41, 51, 42, 50, 43, 49]
Dot Bracket:
 .....(((.(((....)))...)))((((.((((.....(((((.....)))))...)))).)))).
67


Iteration 17


setting environment up
running sampling algorithm
beginning Burn in iterations

Centroid Structure
Length:
 21
Pairs:
 [(5, 24), (6, 23), (7, 22), (8, 19), (9, 18), (10, 17), (11, 16), (25, 65), (26, 64), (27, 63), (28, 62), (30, 60), (31, 59), (32, 58), (33, 57), (35, 53), (37, 51), (38, 49), (39, 48), (40, 52), (42, 50)]
Pairs:
 [5, 24, 6, 23, 7, 22, 8, 19, 9, 18, 10, 17, 11, 16, 25, 65, 26, 64, 27, 63, 28, 62, 30, 60, 31, 59, 32, 58, 33, 57, 35, 53, 37, 51, 38, 49, 39, 48, 40, 52, 42, 50]
Dot Bracket:
 .....(((((((....))))..)))((((.((((.(.((([.[.....))])])...)))).)))).
67


Iteration 18


setting environment up
running sampling algorithm
beginning Burn in iterations

Centroid Structure
Length:
 21
Pairs:
 [(6, 23), (7, 22), (8, 21), (9, 18), (10, 17), (11, 16), (25, 65), (26, 64), (27, 63), (28, 62), (30, 60), (31, 59), (32, 58), (33, 57), (36, 56), (37, 55), (39, 53), (40, 52), (41, 51), (42, 50), (43, 49)]
Pairs:
 [6, 23, 7, 22, 8, 21, 9, 18, 10, 17, 11, 16, 25, 65, 26, 64, 27, 63, 28, 62, 30, 60, 31, 59, 32, 58, 33, 57, 36, 56, 37, 55, 39, 53, 40, 52, 41, 51, 42, 50, 43, 49]
Dot Bracket:
 ......((((((....)))..))).((((.((((..((.(((((.....))))).)))))).)))).
67


Iteration 19


setting environment up
running sampling algorithm
beginning Burn in iterations
