Iteration 0

setting environment up
running sfold binary

Sfold Executable Code for Academic Users, Version 2.2-20110126
 Running partition function and statistical sampling module... done
 (general output in /home/chris/devtree/pseudoKnot_research/output/sfold.out)
 Running structure clustering module... done
 (general output in /home/chris/devtree/pseudoKnot_research/output/sclass.out)
Process completed. See output files in '/home/chris/devtree/pseudoKnot_research/output'.

running sampling algorithm
beginning Burn in iterations

Centroid Structure
Length:
 25
Pairs:
 [(1, 71), (2, 70), (3, 69), (4, 68), (5, 67), (6, 66), (7, 65), (8, 64), (9, 63), (11, 62), (14, 59), (16, 58), (17, 57), (18, 56), (19, 55), (20, 54), (21, 53), (22, 52), (23, 51), (24, 50), (25, 49), (26, 39), (27, 37), (28, 36), (29, 35)]
Pairs:
 [1, 71, 2, 70, 3, 69, 4, 68, 5, 67, 6, 66, 7, 65, 8, 64, 9, 63, 11, 62, 14, 59, 16, 58, 17, 57, 18, 56, 19, 55, 20, 54, 21, 53, 22, 52, 23, 51, 24, 50, 25, 49, 26, 39, 27, 37, 28, 36, 29, 35]
Dot Bracket:
 .(((((((((.(..(.((((((((((((((.....))).).........)))))))))))..))))))))))..........
82


Iteration 1


setting environment up
running sampling algorithm
beginning Burn in iterations

Centroid Structure
Length:
 26
Pairs:
 [(1, 71), (2, 70), (3, 69), (4, 68), (5, 67), (6, 66), (7, 65), (10, 64), (11, 63), (13, 61), (14, 59), (16, 58), (17, 57), (18, 56), (19, 55), (20, 54), (21, 53), (22, 52), (23, 51), (24, 50), (25, 49), (26, 39), (27, 37), (28, 36), (29, 35), (30, 34)]
Pairs:
 [1, 71, 2, 70, 3, 69, 4, 68, 5, 67, 6, 66, 7, 65, 10, 64, 11, 63, 13, 61, 14, 59, 16, 58, 17, 57, 18, 56, 19, 55, 20, 54, 21, 53, 22, 52, 23, 51, 24, 50, 25, 49, 26, 39, 27, 37, 28, 36, 29, 35, 30, 34]
Dot Bracket:
 .(((((((..((.((.(((((((((((((((...)))).).........))))))))))).).)))))))))..........
82


Iteration 2


setting environment up
running sampling algorithm
beginning Burn in iterations

Centroid Structure
Length:
 26
Pairs:
 [(1, 71), (2, 70), (3, 69), (4, 68), (5, 67), (6, 66), (7, 65), (8, 64), (9, 63), (13, 61), (15, 59), (16, 58), (17, 57), (18, 56), (19, 55), (20, 54), (21, 53), (22, 52), (23, 51), (24, 50), (25, 49), (26, 39), (27, 37), (28, 36), (29, 35), (30, 34)]
Pairs:
 [1, 71, 2, 70, 3, 69, 4, 68, 5, 67, 6, 66, 7, 65, 8, 64, 9, 63, 13, 61, 15, 59, 16, 58, 17, 57, 18, 56, 19, 55, 20, 54, 21, 53, 22, 52, 23, 51, 24, 50, 25, 49, 26, 39, 27, 37, 28, 36, 29, 35, 30, 34]
Dot Bracket:
 .(((((((((...(.((((((((((((((((...)))).).........))))))))))).).)))))))))..........
82


Iteration 3


setting environment up
running sampling algorithm
beginning Burn in iterations

Centroid Structure
Length:
 24
Pairs:
 [(1, 71), (2, 70), (3, 69), (4, 68), (5, 67), (6, 66), (7, 65), (8, 64), (9, 63), (14, 59), (16, 58), (17, 57), (18, 56), (19, 55), (20, 54), (21, 53), (22, 52), (23, 51), (24, 50), (25, 49), (26, 39), (27, 37), (28, 36), (29, 35)]
Pairs:
 [1, 71, 2, 70, 3, 69, 4, 68, 5, 67, 6, 66, 7, 65, 8, 64, 9, 63, 14, 59, 16, 58, 17, 57, 18, 56, 19, 55, 20, 54, 21, 53, 22, 52, 23, 51, 24, 50, 25, 49, 26, 39, 27, 37, 28, 36, 29, 35]
Dot Bracket:
 .(((((((((....(.((((((((((((((.....))).).........)))))))))))...)))))))))..........
82


Iteration 4


setting environment up
running sampling algorithm
beginning Burn in iterations

Centroid Structure
Length:
 25
Pairs:
 [(1, 71), (2, 70), (3, 69), (4, 68), (5, 67), (6, 66), (7, 65), (8, 64), (9, 63), (11, 62), (14, 59), (16, 58), (17, 57), (18, 56), (19, 55), (20, 54), (21, 53), (22, 52), (23, 51), (24, 50), (26, 39), (27, 37), (28, 36), (29, 35), (30, 34)]
Pairs:
 [1, 71, 2, 70, 3, 69, 4, 68, 5, 67, 6, 66, 7, 65, 8, 64, 9, 63, 11, 62, 14, 59, 16, 58, 17, 57, 18, 56, 19, 55, 20, 54, 21, 53, 22, 52, 23, 51, 24, 50, 26, 39, 27, 37, 28, 36, 29, 35, 30, 34]
Dot Bracket:
 .(((((((((.(..(.(((((((((.(((((...)))).)..........))))))))))..))))))))))..........
82


Iteration 5


setting environment up
running sampling algorithm
beginning Burn in iterations

Centroid Structure
Length:
 26
Pairs:
 [(1, 71), (2, 70), (3, 69), (4, 68), (5, 67), (6, 66), (7, 65), (8, 64), (9, 63), (10, 61), (12, 60), (15, 59), (16, 58), (17, 57), (18, 56), (19, 55), (20, 54), (21, 53), (22, 52), (23, 51), (24, 50), (25, 49), (27, 37), (28, 36), (33, 41), (42, 46)]
Pairs:
 [1, 71, 2, 70, 3, 69, 4, 68, 5, 67, 6, 66, 7, 65, 8, 64, 9, 63, 10, 61, 12, 60, 15, 59, 16, 58, 17, 57, 18, 56, 19, 55, 20, 54, 21, 53, 22, 52, 23, 51, 24, 50, 25, 49, 27, 37, 28, 36, 33, 41, 42, 46]
Dot Bracket:
 .((((((((((.(..(((((((((((.((....[..))...][...]..))))))))))))).)))))))))..........
82


Iteration 6


setting environment up
running sampling algorithm
beginning Burn in iterations

Centroid Structure
Length:
 26
Pairs:
 [(1, 71), (2, 70), (3, 69), (4, 68), (5, 67), (6, 66), (7, 65), (8, 64), (9, 62), (13, 61), (15, 59), (16, 58), (17, 57), (18, 56), (19, 55), (20, 54), (21, 53), (22, 52), (23, 51), (24, 50), (25, 49), (26, 39), (27, 37), (28, 36), (29, 35), (30, 34)]
Pairs:
 [1, 71, 2, 70, 3, 69, 4, 68, 5, 67, 6, 66, 7, 65, 8, 64, 9, 62, 13, 61, 15, 59, 16, 58, 17, 57, 18, 56, 19, 55, 20, 54, 21, 53, 22, 52, 23, 51, 24, 50, 25, 49, 26, 39, 27, 37, 28, 36, 29, 35, 30, 34]
Dot Bracket:
 .(((((((((...(.((((((((((((((((...)))).).........))))))))))).)).))))))))..........
82


Iteration 7


setting environment up
running sampling algorithm
beginning Burn in iterations

Centroid Structure
Length:
 26
Pairs:
 [(1, 71), (2, 70), (3, 69), (4, 68), (5, 67), (6, 66), (7, 65), (8, 64), (9, 63), (11, 62), (14, 59), (16, 58), (17, 57), (18, 56), (19, 55), (20, 54), (21, 53), (22, 52), (23, 51), (24, 50), (26, 39), (27, 37), (28, 36), (29, 35), (30, 34), (42, 48)]
Pairs:
 [1, 71, 2, 70, 3, 69, 4, 68, 5, 67, 6, 66, 7, 65, 8, 64, 9, 63, 11, 62, 14, 59, 16, 58, 17, 57, 18, 56, 19, 55, 20, 54, 21, 53, 22, 52, 23, 51, 24, 50, 26, 39, 27, 37, 28, 36, 29, 35, 30, 34, 42, 48]
Dot Bracket:
 .(((((((((.(..(.(((((((((.(((((...)))).)..(.....).))))))))))..))))))))))..........
82


Iteration 8


setting environment up
running sampling algorithm
beginning Burn in iterations

Centroid Structure
Length:
 27
Pairs:
 [(1, 71), (2, 70), (3, 69), (4, 68), (5, 67), (6, 66), (7, 65), (8, 64), (9, 63), (10, 61), (11, 60), (15, 59), (16, 58), (17, 57), (18, 56), (19, 55), (20, 54), (21, 53), (22, 52), (23, 51), (24, 50), (25, 49), (27, 37), (28, 36), (29, 35), (30, 34), (75, 79)]
Pairs:
 [1, 71, 2, 70, 3, 69, 4, 68, 5, 67, 6, 66, 7, 65, 8, 64, 9, 63, 10, 61, 11, 60, 15, 59, 16, 58, 17, 57, 18, 56, 19, 55, 20, 54, 21, 53, 22, 52, 23, 51, 24, 50, 25, 49, 27, 37, 28, 36, 29, 35, 30, 34, 75, 79]
Dot Bracket:
 .(((((((((((...(((((((((((.((((...))))...........))))))))))))).)))))))))...(...)..
82


Iteration 9


setting environment up
running sampling algorithm
beginning Burn in iterations

Centroid Structure
Length:
 27
Pairs:
 [(1, 71), (2, 70), (3, 69), (4, 68), (5, 67), (6, 66), (7, 65), (8, 64), (9, 63), (11, 62), (12, 60), (15, 59), (16, 58), (17, 57), (18, 56), (19, 55), (20, 54), (21, 53), (22, 52), (23, 51), (24, 50), (25, 49), (27, 37), (28, 36), (29, 35), (30, 34), (42, 47)]
Pairs:
 [1, 71, 2, 70, 3, 69, 4, 68, 5, 67, 6, 66, 7, 65, 8, 64, 9, 63, 11, 62, 12, 60, 15, 59, 16, 58, 17, 57, 18, 56, 19, 55, 20, 54, 21, 53, 22, 52, 23, 51, 24, 50, 25, 49, 27, 37, 28, 36, 29, 35, 30, 34, 42, 47]
Dot Bracket:
 .(((((((((.((..(((((((((((.((((...))))....(....).)))))))))))).))))))))))..........
82


Iteration 10


setting environment up
running sampling algorithm
beginning Burn in iterations

Centroid Structure
Length:
 24
Pairs:
 [(1, 71), (2, 70), (3, 69), (4, 68), (5, 67), (6, 66), (7, 65), (8, 64), (9, 63), (11, 62), (15, 59), (16, 58), (17, 57), (18, 56), (19, 55), (20, 54), (21, 53), (22, 52), (23, 51), (24, 50), (25, 49), (26, 39), (27, 37), (28, 36)]
Pairs:
 [1, 71, 2, 70, 3, 69, 4, 68, 5, 67, 6, 66, 7, 65, 8, 64, 9, 63, 11, 62, 15, 59, 16, 58, 17, 57, 18, 56, 19, 55, 20, 54, 21, 53, 22, 52, 23, 51, 24, 50, 25, 49, 26, 39, 27, 37, 28, 36]
Dot Bracket:
 .(((((((((.(...((((((((((((((.......)).).........)))))))))))..))))))))))..........
82


Iteration 11


setting environment up
running sampling algorithm
beginning Burn in iterations

Centroid Structure
Length:
 24
Pairs:
 [(1, 71), (2, 70), (3, 69), (4, 68), (5, 67), (6, 66), (7, 65), (8, 64), (9, 63), (11, 62), (13, 61), (15, 59), (16, 58), (17, 57), (18, 56), (19, 55), (20, 54), (21, 53), (22, 52), (23, 51), (24, 49), (26, 39), (27, 37), (28, 36)]
Pairs:
 [1, 71, 2, 70, 3, 69, 4, 68, 5, 67, 6, 66, 7, 65, 8, 64, 9, 63, 11, 62, 13, 61, 15, 59, 16, 58, 17, 57, 18, 56, 19, 55, 20, 54, 21, 53, 22, 52, 23, 51, 24, 49, 26, 39, 27, 37, 28, 36]
Dot Bracket:
 .(((((((((.(.(.((((((((((.(((.......)).).........).))))))))).)))))))))))..........
82


Iteration 12


setting environment up
running sampling algorithm
beginning Burn in iterations

Centroid Structure
Length:
 25
Pairs:
 [(1, 71), (2, 70), (3, 69), (4, 68), (5, 67), (6, 66), (7, 65), (8, 64), (9, 63), (11, 62), (15, 59), (16, 58), (17, 57), (18, 56), (19, 55), (20, 54), (21, 53), (22, 52), (23, 51), (24, 50), (25, 49), (27, 37), (28, 36), (29, 35), (30, 34)]
Pairs:
 [1, 71, 2, 70, 3, 69, 4, 68, 5, 67, 6, 66, 7, 65, 8, 64, 9, 63, 11, 62, 15, 59, 16, 58, 17, 57, 18, 56, 19, 55, 20, 54, 21, 53, 22, 52, 23, 51, 24, 50, 25, 49, 27, 37, 28, 36, 29, 35, 30, 34]
Dot Bracket:
 .(((((((((.(...(((((((((((.((((...))))...........)))))))))))..))))))))))..........
82


Iteration 13


setting environment up
running sampling algorithm
beginning Burn in iterations

Centroid Structure
Length:
 26
Pairs:
 [(1, 71), (2, 70), (3, 69), (4, 68), (5, 67), (6, 66), (7, 65), (8, 64), (9, 63), (11, 62), (14, 59), (16, 58), (17, 57), (18, 56), (19, 55), (20, 54), (21, 53), (22, 52), (23, 51), (24, 50), (25, 49), (26, 39), (27, 37), (28, 36), (29, 35), (30, 34)]
Pairs:
 [1, 71, 2, 70, 3, 69, 4, 68, 5, 67, 6, 66, 7, 65, 8, 64, 9, 63, 11, 62, 14, 59, 16, 58, 17, 57, 18, 56, 19, 55, 20, 54, 21, 53, 22, 52, 23, 51, 24, 50, 25, 49, 26, 39, 27, 37, 28, 36, 29, 35, 30, 34]
Dot Bracket:
 .(((((((((.(..(.(((((((((((((((...)))).).........)))))))))))..))))))))))..........
82


Iteration 14


setting environment up
running sampling algorithm
beginning Burn in iterations

Centroid Structure
Length:
 25
Pairs:
 [(1, 71), (2, 70), (3, 69), (4, 68), (5, 67), (6, 66), (7, 65), (8, 64), (9, 63), (11, 62), (15, 59), (16, 58), (17, 57), (18, 56), (19, 55), (20, 54), (21, 53), (22, 52), (23, 51), (24, 49), (26, 39), (27, 37), (28, 36), (32, 42), (33, 41)]
Pairs:
 [1, 71, 2, 70, 3, 69, 4, 68, 5, 67, 6, 66, 7, 65, 8, 64, 9, 63, 11, 62, 15, 59, 16, 58, 17, 57, 18, 56, 19, 55, 20, 54, 21, 53, 22, 52, 23, 51, 24, 49, 26, 39, 27, 37, 28, 36, 32, 42, 33, 41]
Dot Bracket:
 .(((((((((.(...((((((((((.(((...[[..)).).]]......).)))))))))..))))))))))..........
82


Iteration 15


setting environment up
running sampling algorithm
beginning Burn in iterations

Centroid Structure
Length:
 25
Pairs:
 [(1, 71), (2, 70), (3, 69), (4, 68), (5, 67), (6, 66), (7, 65), (8, 64), (9, 62), (10, 61), (15, 59), (16, 58), (17, 57), (18, 56), (19, 55), (20, 54), (21, 53), (22, 52), (23, 51), (24, 50), (25, 49), (26, 39), (27, 37), (28, 36), (29, 35)]
Pairs:
 [1, 71, 2, 70, 3, 69, 4, 68, 5, 67, 6, 66, 7, 65, 8, 64, 9, 62, 10, 61, 15, 59, 16, 58, 17, 57, 18, 56, 19, 55, 20, 54, 21, 53, 22, 52, 23, 51, 24, 50, 25, 49, 26, 39, 27, 37, 28, 36, 29, 35]
Dot Bracket:
 .((((((((((....(((((((((((((((.....))).).........))))))))))).)).))))))))..........
82


Iteration 16


setting environment up
running sampling algorithm
beginning Burn in iterations

Centroid Structure
Length:
 26
Pairs:
 [(1, 71), (2, 70), (3, 69), (4, 68), (5, 67), (6, 66), (7, 65), (8, 64), (9, 63), (10, 61), (12, 60), (13, 59), (16, 58), (17, 57), (18, 56), (19, 55), (20, 54), (21, 53), (22, 52), (23, 51), (24, 50), (25, 49), (27, 37), (28, 36), (32, 42), (33, 41)]
Pairs:
 [1, 71, 2, 70, 3, 69, 4, 68, 5, 67, 6, 66, 7, 65, 8, 64, 9, 63, 10, 61, 12, 60, 13, 59, 16, 58, 17, 57, 18, 56, 19, 55, 20, 54, 21, 53, 22, 52, 23, 51, 24, 50, 25, 49, 27, 37, 28, 36, 32, 42, 33, 41]
Dot Bracket:
 .((((((((((.((..((((((((((.((...[[..))...]]......))))))))))))).)))))))))..........
82


Iteration 17


setting environment up
running sampling algorithm
beginning Burn in iterations

Centroid Structure
Length:
 23
Pairs:
 [(1, 71), (2, 70), (3, 69), (4, 68), (5, 67), (6, 66), (7, 65), (8, 64), (9, 63), (10, 21), (16, 58), (18, 56), (20, 54), (24, 50), (28, 61), (29, 60), (32, 57), (34, 55), (36, 53), (37, 52), (38, 51), (40, 49), (42, 48)]
Pairs:
 [1, 71, 2, 70, 3, 69, 4, 68, 5, 67, 6, 66, 7, 65, 8, 64, 9, 63, 10, 21, 16, 58, 18, 56, 20, 54, 24, 50, 28, 61, 29, 60, 32, 57, 34, 55, 36, 53, 37, 52, 38, 51, 40, 49, 42, 48]
Dot Bracket:
 .((((((((((.....[.[.[)..[...((..(.(.(((.(.(.....))])))])])].)).)))))))))..........
82


Iteration 18


setting environment up
running sampling algorithm
beginning Burn in iterations

Centroid Structure
Length:
 25
Pairs:
 [(1, 71), (2, 70), (3, 69), (4, 68), (5, 67), (6, 66), (7, 65), (8, 64), (11, 63), (16, 58), (17, 57), (18, 56), (19, 55), (20, 54), (21, 53), (22, 52), (23, 51), (24, 50), (25, 49), (26, 39), (27, 37), (28, 36), (29, 35), (30, 34), (38, 42)]
Pairs:
 [1, 71, 2, 70, 3, 69, 4, 68, 5, 67, 6, 66, 7, 65, 8, 64, 11, 63, 16, 58, 17, 57, 18, 56, 19, 55, 20, 54, 21, 53, 22, 52, 23, 51, 24, 50, 25, 49, 26, 39, 27, 37, 28, 36, 29, 35, 30, 34, 38, 42]
Dot Bracket:
 .((((((((..(....(((((((((((((((...))))[)..]......))))))))))....)))))))))..........
82


Iteration 19


setting environment up
running sampling algorithm
beginning Burn in iterations

Centroid Structure
Length:
 25
Pairs:
 [(1, 71), (2, 70), (3, 69), (4, 68), (5, 67), (6, 66), (7, 65), (8, 64), (9, 63), (11, 62), (16, 58), (17, 57), (18, 56), (19, 55), (20, 54), (21, 53), (22, 52), (23, 51), (24, 50), (25, 49), (26, 39), (27, 37), (28, 36), (29, 35), (30, 34)]
Pairs:
 [1, 71, 2, 70, 3, 69, 4, 68, 5, 67, 6, 66, 7, 65, 8, 64, 9, 63, 11, 62, 16, 58, 17, 57, 18, 56, 19, 55, 20, 54, 21, 53, 22, 52, 23, 51, 24, 50, 25, 49, 26, 39, 27, 37, 28, 36, 29, 35, 30, 34]
Dot Bracket:
 .(((((((((.(....(((((((((((((((...)))).).........))))))))))...))))))))))..........
82
