Iteration 0

setting environment up
running sfold binary

Sfold Executable Code for Academic Users, Version 2.2-20110126
 Running partition function and statistical sampling module... done
 (general output in /home/chris/devtree/pseudoKnot_research/output/sfold.out)
 Running structure clustering module... done
 (general output in /home/chris/devtree/pseudoKnot_research/output/sclass.out)
Process completed. See output files in '/home/chris/devtree/pseudoKnot_research/output'.

running sampling algorithm
beginning Burn in iterations

Centroid Structure
Length:
 25
Pairs:
 [(0, 72), (3, 39), (4, 37), (5, 36), (6, 33), (7, 32), (8, 31), (9, 30), (10, 29), (11, 28), (12, 27), (13, 26), (15, 25), (40, 66), (41, 65), (43, 61), (44, 69), (45, 68), (46, 67), (47, 56), (48, 55), (51, 62), (52, 60), (53, 59), (54, 58)]
Pairs:
 [0, 72, 3, 39, 4, 37, 5, 36, 6, 33, 7, 32, 8, 31, 9, 30, 10, 29, 11, 28, 12, 27, 13, 26, 15, 25, 40, 66, 41, 65, 43, 61, 44, 69, 45, 68, 46, 67, 47, 56, 48, 55, 51, 62, 52, 60, 53, 59, 54, 58]
Dot Bracket:
 (..(((((((((((.(.........)))))))))..)).)((.([[[[[..((((]].)))))..))]]]..)
73


Iteration 1


setting environment up
running sampling algorithm
beginning Burn in iterations

Centroid Structure
Length:
 20
Pairs:
 [(2, 40), (4, 37), (5, 36), (6, 33), (7, 32), (8, 31), (9, 30), (10, 29), (11, 28), (12, 27), (13, 26), (17, 25), (39, 70), (44, 66), (46, 67), (48, 64), (50, 65), (52, 63), (53, 59), (54, 58)]
Pairs:
 [2, 40, 4, 37, 5, 36, 6, 33, 7, 32, 8, 31, 9, 30, 10, 29, 11, 28, 12, 27, 13, 26, 17, 25, 39, 70, 44, 66, 46, 67, 48, 64, 50, 65, 52, 63, 53, 59, 54, 58]
Dot Bracket:
 ..(.((((((((((...(.......)))))))))..)).[)...[.(.(.[.[[[...]]...])]])..]..
73


Iteration 2


setting environment up
running sampling algorithm
beginning Burn in iterations

Centroid Structure
Length:
 17
Pairs:
 [(4, 34), (5, 33), (7, 32), (8, 31), (9, 30), (10, 29), (11, 28), (12, 27), (15, 26), (41, 68), (43, 70), (44, 69), (45, 65), (46, 67), (51, 63), (52, 60), (53, 59)]
Pairs:
 [4, 34, 5, 33, 7, 32, 8, 31, 9, 30, 10, 29, 11, 28, 12, 27, 15, 26, 41, 68, 43, 70, 44, 69, 45, 65, 46, 67, 51, 63, 52, 60, 53, 59]
Dot Bracket:
 ....((.((((((..(..........)))))))))......(.[[[(....(((.....))..).].))]]..
73


Iteration 3


setting environment up
running sampling algorithm
beginning Burn in iterations

Centroid Structure
Length:
 21
Pairs:
 [(1, 36), (4, 34), (7, 32), (8, 31), (9, 30), (10, 29), (11, 28), (12, 27), (13, 26), (17, 25), (42, 72), (43, 70), (44, 69), (45, 68), (46, 67), (47, 66), (48, 64), (49, 63), (52, 62), (53, 59), (54, 58)]
Pairs:
 [1, 36, 4, 34, 7, 32, 8, 31, 9, 30, 10, 29, 11, 28, 12, 27, 13, 26, 17, 25, 42, 72, 43, 70, 44, 69, 45, 68, 46, 67, 47, 66, 48, 64, 49, 63, 52, 62, 53, 59, 54, 58]
Dot Bracket:
 .(..(..(((((((...(.......)))))))).).).....((((((((..(((...))..))).))))).)
73


Iteration 4


setting environment up
running sampling algorithm
beginning Burn in iterations

Centroid Structure
Length:
 23
Pairs:
 [(0, 72), (2, 40), (3, 39), (4, 37), (5, 36), (6, 33), (7, 32), (8, 31), (9, 30), (10, 29), (11, 28), (12, 27), (13, 26), (15, 25), (42, 62), (43, 61), (44, 59), (45, 68), (46, 67), (47, 66), (48, 64), (49, 63), (52, 60)]
Pairs:
 [0, 72, 2, 40, 3, 39, 4, 37, 5, 36, 6, 33, 7, 32, 8, 31, 9, 30, 10, 29, 11, 28, 12, 27, 13, 26, 15, 25, 42, 62, 43, 61, 44, 59, 45, 68, 46, 67, 47, 66, 48, 64, 49, 63, 52, 60]
Dot Bracket:
 (.((((((((((((.(.........)))))))))..)).)).((([[[[[..[......)]))]].]]]...)
73


Iteration 5


setting environment up
running sampling algorithm
beginning Burn in iterations

Centroid Structure
Length:
 19
Pairs:
 [(0, 72), (1, 71), (2, 40), (3, 39), (4, 37), (5, 33), (7, 32), (8, 31), (9, 30), (10, 29), (11, 28), (12, 27), (15, 25), (41, 68), (43, 67), (45, 65), (48, 63), (52, 60), (53, 59)]
Pairs:
 [0, 72, 1, 71, 2, 40, 3, 39, 4, 37, 5, 33, 7, 32, 8, 31, 9, 30, 10, 29, 11, 28, 12, 27, 15, 25, 41, 68, 43, 67, 45, 65, 48, 63, 52, 60, 53, 59]
Dot Bracket:
 ((((((.((((((..(.........).)))))))...).))(.(.(..(...((.....))..).).))..))
73


Iteration 6


setting environment up
running sampling algorithm
beginning Burn in iterations

Centroid Structure
Length:
 19
Pairs:
 [(0, 37), (1, 36), (2, 40), (3, 39), (6, 33), (7, 32), (8, 31), (9, 30), (10, 29), (11, 28), (12, 27), (13, 26), (44, 69), (45, 68), (46, 67), (47, 66), (52, 60), (53, 59), (54, 58)]
Pairs:
 [0, 37, 1, 36, 2, 40, 3, 39, 6, 33, 7, 32, 8, 31, 9, 30, 10, 29, 11, 28, 12, 27, 13, 26, 44, 69, 45, 68, 46, 67, 47, 66, 52, 60, 53, 59, 54, 58]
Dot Bracket:
 (([[..[[[[[[[[............]]]]]]]]..)).]]...[[[[....[[[...]]].....]]]]...
73


Iteration 7


setting environment up
running sampling algorithm
beginning Burn in iterations

Centroid Structure
Length:
 21
Pairs:
 [(5, 33), (7, 32), (8, 31), (9, 30), (10, 29), (11, 28), (12, 27), (13, 26), (15, 25), (38, 68), (39, 67), (41, 65), (42, 72), (43, 71), (44, 59), (45, 58), (46, 57), (47, 66), (48, 64), (49, 54), (52, 60)]
Pairs:
 [5, 33, 7, 32, 8, 31, 9, 30, 10, 29, 11, 28, 12, 27, 13, 26, 15, 25, 38, 68, 39, 67, 41, 65, 42, 72, 43, 71, 44, 59, 45, 58, 46, 57, 47, 66, 48, 64, 49, 54, 52, 60]
Dot Bracket:
 .....(.(((((((.(.........)))))))))....((.([[[[[(((..[.)..]]]]...)))))..]]
73


Iteration 8


setting environment up
running sampling algorithm
beginning Burn in iterations

Centroid Structure
Length:
 22
Pairs:
 [(4, 34), (5, 33), (7, 32), (8, 31), (9, 30), (10, 29), (11, 28), (12, 27), (13, 26), (16, 25), (37, 69), (39, 70), (40, 66), (41, 68), (43, 67), (44, 59), (45, 58), (46, 57), (47, 56), (48, 55), (49, 54), (52, 60)]
Pairs:
 [4, 34, 5, 33, 7, 32, 8, 31, 9, 30, 10, 29, 11, 28, 12, 27, 13, 26, 16, 25, 37, 69, 39, 70, 40, 66, 41, 68, 43, 67, 44, 59, 45, 58, 46, 57, 47, 56, 48, 55, 49, 54, 52, 60]
Dot Bracket:
 ....((.(((((((..(........))))))))))..(.[[(.(((((((..[.))))))].....])))]..
73


Iteration 9


setting environment up
running sampling algorithm
beginning Burn in iterations

Centroid Structure
Length:
 23
Pairs:
 [(1, 42), (2, 40), (3, 39), (4, 72), (5, 36), (6, 33), (7, 32), (8, 31), (9, 30), (10, 29), (11, 28), (13, 26), (14, 27), (16, 25), (43, 70), (44, 59), (45, 68), (46, 67), (47, 66), (48, 55), (49, 54), (51, 62), (52, 60)]
Pairs:
 [1, 42, 2, 40, 3, 39, 4, 72, 5, 36, 6, 33, 7, 32, 8, 31, 9, 30, 10, 29, 11, 28, 13, 26, 14, 27, 16, 25, 43, 70, 44, 59, 45, 68, 46, 67, 47, 66, 48, 55, 49, 54, 51, 62, 52, 60]
Dot Bracket:
 .((([[[[[[[[.[(.(........)])]]]]]]..]..)).)(([[[[[.([.]]...)].)...]]].).]
73


Iteration 10


setting environment up
running sampling algorithm
beginning Burn in iterations

Centroid Structure
Length:
 22
Pairs:
 [(0, 72), (2, 40), (3, 39), (4, 37), (5, 36), (6, 33), (7, 32), (8, 31), (9, 30), (10, 29), (11, 28), (12, 27), (13, 26), (15, 25), (43, 70), (44, 69), (45, 68), (46, 67), (49, 63), (52, 60), (53, 59), (54, 58)]
Pairs:
 [0, 72, 2, 40, 3, 39, 4, 37, 5, 36, 6, 33, 7, 32, 8, 31, 9, 30, 10, 29, 11, 28, 12, 27, 13, 26, 15, 25, 43, 70, 44, 69, 45, 68, 46, 67, 49, 63, 52, 60, 53, 59, 54, 58]
Dot Bracket:
 (.((((((((((((.(.........)))))))))..)).))..((((..(..(((...)))..)...)))).)
73


Iteration 11


setting environment up
running sampling algorithm
beginning Burn in iterations

Centroid Structure
Length:
 21
Pairs:
 [(1, 36), (2, 40), (3, 39), (4, 37), (7, 32), (8, 31), (9, 30), (10, 29), (11, 28), (12, 27), (15, 26), (17, 25), (43, 70), (44, 69), (45, 68), (46, 67), (47, 66), (50, 65), (51, 64), (52, 62), (53, 61)]
Pairs:
 [1, 36, 2, 40, 3, 39, 4, 37, 7, 32, 8, 31, 9, 30, 10, 29, 11, 28, 12, 27, 15, 26, 17, 25, 43, 70, 44, 69, 45, 68, 46, 67, 47, 66, 50, 65, 51, 64, 52, 62, 53, 61]
Dot Bracket:
 .([[[..[[[[[[..[.[.......]]]]]]]]...)].]]..[[[[[..[[[[.......]].]]]]]]]..
73


Iteration 12


setting environment up
running sampling algorithm
beginning Burn in iterations

Centroid Structure
Length:
 15
Pairs:
 [(1, 36), (4, 34), (6, 33), (7, 32), (8, 31), (9, 30), (10, 29), (11, 28), (12, 27), (13, 26), (37, 69), (46, 57), (47, 56), (52, 60), (53, 59)]
Pairs:
 [1, 36, 4, 34, 6, 33, 7, 32, 8, 31, 9, 30, 10, 29, 11, 28, 12, 27, 13, 26, 37, 69, 46, 57, 47, 56, 52, 60, 53, 59]
Dot Bracket:
 .(..(.((((((((............))))))))).)(........((....[[..)).]]........)...
73


Iteration 13


setting environment up
running sampling algorithm
beginning Burn in iterations

Centroid Structure
Length:
 22
Pairs:
 [(0, 72), (2, 40), (3, 39), (4, 37), (5, 36), (6, 33), (7, 32), (8, 31), (9, 30), (10, 29), (11, 28), (12, 27), (13, 25), (43, 71), (44, 69), (45, 68), (46, 67), (47, 66), (48, 64), (49, 63), (52, 60), (53, 59)]
Pairs:
 [0, 72, 2, 40, 3, 39, 4, 37, 5, 36, 6, 33, 7, 32, 8, 31, 9, 30, 10, 29, 11, 28, 12, 27, 13, 25, 43, 71, 44, 69, 45, 68, 46, 67, 47, 66, 48, 64, 49, 63, 52, 60, 53, 59]
Dot Bracket:
 (.((((((((((((...........).)))))))..)).))..(((((((..((.....))..)).)))).))
73


Iteration 14


setting environment up
running sampling algorithm
beginning Burn in iterations

Centroid Structure
Length:
 21
Pairs:
 [(2, 40), (4, 37), (5, 36), (6, 33), (7, 32), (8, 31), (9, 30), (10, 29), (11, 28), (12, 27), (13, 26), (16, 25), (43, 70), (44, 69), (45, 68), (46, 67), (47, 66), (48, 64), (49, 63), (52, 60), (53, 59)]
Pairs:
 [2, 40, 4, 37, 5, 36, 6, 33, 7, 32, 8, 31, 9, 30, 10, 29, 11, 28, 12, 27, 13, 26, 16, 25, 43, 70, 44, 69, 45, 68, 46, 67, 47, 66, 48, 64, 49, 63, 52, 60, 53, 59]
Dot Bracket:
 ..(.((((((((((..(........)))))))))..))..)..(((((((..((.....))..)).)))))..
73


Iteration 15


setting environment up
running sampling algorithm
beginning Burn in iterations

Centroid Structure
Length:
 21
Pairs:
 [(0, 72), (1, 71), (6, 33), (7, 32), (8, 31), (9, 30), (10, 29), (11, 28), (12, 27), (13, 26), (16, 25), (37, 69), (38, 68), (40, 66), (43, 70), (44, 59), (46, 67), (47, 56), (51, 62), (52, 60), (54, 58)]
Pairs:
 [0, 72, 1, 71, 6, 33, 7, 32, 8, 31, 9, 30, 10, 29, 11, 28, 12, 27, 13, 26, 16, 25, 37, 69, 38, 68, 40, 66, 43, 70, 44, 59, 46, 67, 47, 56, 51, 62, 52, 60, 54, 58]
Dot Bracket:
 ((....((((((((..(........)))))))))...((.(..[[.((...[[.[.).]]].]...))))]))
73


Iteration 16


setting environment up
running sampling algorithm
beginning Burn in iterations

Centroid Structure
Length:
 19
Pairs:
 [(1, 36), (4, 37), (7, 32), (8, 31), (9, 30), (10, 29), (11, 28), (12, 27), (13, 26), (42, 72), (43, 70), (44, 69), (45, 68), (46, 67), (47, 66), (48, 64), (49, 63), (52, 60), (53, 59)]
Pairs:
 [1, 36, 4, 37, 7, 32, 8, 31, 9, 30, 10, 29, 11, 28, 12, 27, 13, 26, 42, 72, 43, 70, 44, 69, 45, 68, 46, 67, 47, 66, 48, 64, 49, 63, 52, 60, 53, 59]
Dot Bracket:
 .(..[..[[[[[[[............]]]]]]]...)]....[[[[[[[[..[[.....]]..]].]]]]].]
73


Iteration 17


setting environment up
running sampling algorithm
beginning Burn in iterations

Centroid Structure
Length:
 19
Pairs:
 [(3, 72), (6, 33), (7, 32), (8, 31), (9, 30), (10, 29), (11, 28), (12, 27), (13, 26), (37, 69), (41, 65), (43, 70), (45, 58), (46, 67), (47, 56), (48, 55), (49, 54), (52, 60), (53, 59)]
Pairs:
 [3, 72, 6, 33, 7, 32, 8, 31, 9, 30, 10, 29, 11, 28, 12, 27, 13, 26, 37, 69, 41, 65, 43, 70, 45, 58, 46, 67, 47, 56, 48, 55, 49, 54, 52, 60, 53, 59]
Dot Bracket:
 ...(..((((((((............))))))))...(...(.[.[((((..[[))).]]]....).).)].)
73


Iteration 18


setting environment up
running sampling algorithm
beginning Burn in iterations

Centroid Structure
Length:
 24
Pairs:
 [(2, 40), (3, 39), (4, 37), (5, 36), (6, 33), (7, 32), (8, 31), (9, 30), (10, 29), (11, 28), (14, 27), (15, 26), (16, 25), (42, 72), (43, 70), (44, 69), (45, 68), (46, 67), (47, 66), (48, 64), (49, 63), (52, 60), (53, 59), (54, 58)]
Pairs:
 [2, 40, 3, 39, 4, 37, 5, 36, 6, 33, 7, 32, 8, 31, 9, 30, 10, 29, 11, 28, 14, 27, 15, 26, 16, 25, 42, 72, 43, 70, 44, 69, 45, 68, 46, 67, 47, 66, 48, 64, 49, 63, 52, 60, 53, 59, 54, 58]
Dot Bracket:
 ..((((((((((..(((........)))))))))..)).)).((((((((..(((...)))..)).))))).)
73


Iteration 19


setting environment up
running sampling algorithm
beginning Burn in iterations

Centroid Structure
Length:
 22
Pairs:
 [(4, 37), (5, 36), (6, 33), (7, 32), (8, 31), (9, 30), (10, 29), (11, 28), (12, 27), (13, 26), (15, 25), (38, 68), (39, 67), (40, 66), (41, 65), (42, 72), (43, 61), (44, 69), (46, 57), (48, 55), (53, 59), (54, 58)]
Pairs:
 [4, 37, 5, 36, 6, 33, 7, 32, 8, 31, 9, 30, 10, 29, 11, 28, 12, 27, 13, 26, 15, 25, 38, 68, 39, 67, 40, 66, 41, 65, 42, 72, 43, 61, 44, 69, 46, 57, 48, 55, 53, 59, 54, 58]
Dot Bracket:
 ....((((((((((.(.........)))))))))..))(((([[(.(.(....[[).)]].]...)))))..]
73
