Iteration 0

setting environment up
running sfold binary

Sfold Executable Code for Academic Users, Version 2.2-20110126
 Running partition function and statistical sampling module... done
 (general output in /home/chris/devtree/pseudoKnot_research/output/sfold.out)
 Running structure clustering module... done
 (general output in /home/chris/devtree/pseudoKnot_research/output/sclass.out)
Process completed. See output files in '/home/chris/devtree/pseudoKnot_research/output'.

running sampling algorithm
beginning Burn in iterations

Centroid Structure
Length:
 19
Pairs:
 [(1, 25), (2, 24), (3, 23), (4, 22), (5, 21), (6, 20), (10, 18), (27, 84), (28, 83), (29, 82), (30, 81), (33, 71), (43, 60), (44, 59), (45, 58), (46, 57), (47, 56), (48, 55), (49, 54)]
Pairs:
 [1, 25, 2, 24, 3, 23, 4, 22, 5, 21, 6, 20, 10, 18, 27, 84, 28, 83, 29, 82, 30, 81, 33, 71, 43, 60, 44, 59, 45, 58, 46, 57, 47, 56, 48, 55, 49, 54]
Dot Bracket:
 .((((((...(.......).)))))).((((..(.........(((((((....)))))))..........).........))))
85


Iteration 1


setting environment up
running sampling algorithm
beginning Burn in iterations

Centroid Structure
Length:
 24
Pairs:
 [(1, 25), (2, 24), (3, 23), (4, 22), (5, 21), (6, 20), (8, 17), (9, 16), (27, 84), (28, 83), (29, 82), (30, 81), (35, 69), (36, 66), (37, 67), (43, 60), (44, 59), (45, 58), (46, 57), (47, 56), (48, 55), (49, 54), (73, 80), (74, 79)]
Pairs:
 [1, 25, 2, 24, 3, 23, 4, 22, 5, 21, 6, 20, 8, 17, 9, 16, 27, 84, 28, 83, 29, 82, 30, 81, 35, 69, 36, 66, 37, 67, 43, 60, 44, 59, 45, 58, 46, 57, 47, 56, 48, 55, 49, 54, 73, 80, 74, 79]
Dot Bracket:
 .((((((.((......))..)))))).((((....(([.....[[[[[[[....]]]]]]].....)].)...[[....]]))))
85


Iteration 2


setting environment up
running sampling algorithm
beginning Burn in iterations

Centroid Structure
Length:
 19
Pairs:
 [(1, 25), (2, 24), (3, 23), (4, 22), (5, 21), (9, 16), (31, 73), (32, 72), (33, 69), (34, 70), (36, 66), (37, 67), (43, 60), (44, 59), (45, 58), (46, 57), (47, 56), (48, 55), (49, 54)]
Pairs:
 [1, 25, 2, 24, 3, 23, 4, 22, 5, 21, 9, 16, 31, 73, 32, 72, 33, 69, 34, 70, 36, 66, 37, 67, 43, 60, 44, 59, 45, 58, 46, 57, 47, 56, 48, 55, 49, 54]
Dot Bracket:
 .(((((...(......)....))))).....((([.[(.....(((((((....))))))).....]).)].))...........
85


Iteration 3


setting environment up
running sampling algorithm
beginning Burn in iterations

Centroid Structure
Length:
 20
Pairs:
 [(1, 25), (2, 24), (3, 23), (4, 22), (5, 21), (6, 20), (9, 16), (10, 18), (32, 72), (33, 69), (34, 70), (36, 68), (43, 60), (44, 59), (45, 58), (46, 57), (47, 56), (48, 55), (49, 54), (74, 79)]
Pairs:
 [1, 25, 2, 24, 3, 23, 4, 22, 5, 21, 6, 20, 9, 16, 10, 18, 32, 72, 33, 69, 34, 70, 36, 68, 43, 60, 44, 59, 45, 58, 46, 57, 47, 56, 48, 55, 49, 54, 74, 79]
Dot Bracket:
 .((((((..([.....).].))))))......[[(.(......(((((((....))))))).......)]).].(....).....
85


Iteration 4


setting environment up
running sampling algorithm
beginning Burn in iterations

Centroid Structure
Length:
 24
Pairs:
 [(1, 25), (2, 24), (3, 23), (4, 22), (5, 21), (6, 20), (8, 17), (9, 16), (27, 84), (28, 83), (29, 82), (30, 81), (35, 67), (36, 66), (37, 65), (43, 60), (44, 59), (45, 58), (46, 57), (47, 56), (48, 55), (49, 54), (73, 80), (74, 79)]
Pairs:
 [1, 25, 2, 24, 3, 23, 4, 22, 5, 21, 6, 20, 8, 17, 9, 16, 27, 84, 28, 83, 29, 82, 30, 81, 35, 67, 36, 66, 37, 65, 43, 60, 44, 59, 45, 58, 46, 57, 47, 56, 48, 55, 49, 54, 73, 80, 74, 79]
Dot Bracket:
 .((((((.((......))..)))))).((((....(((.....(((((((....)))))))....))).....((....))))))
85


Iteration 5


setting environment up
running sampling algorithm
beginning Burn in iterations

Centroid Structure
Length:
 23
Pairs:
 [(1, 25), (2, 24), (3, 23), (4, 22), (5, 21), (6, 20), (27, 84), (28, 83), (29, 82), (30, 81), (32, 72), (33, 69), (34, 68), (36, 66), (37, 65), (43, 60), (44, 59), (45, 58), (46, 57), (47, 56), (48, 55), (49, 54), (74, 79)]
Pairs:
 [1, 25, 2, 24, 3, 23, 4, 22, 5, 21, 6, 20, 27, 84, 28, 83, 29, 82, 30, 81, 32, 72, 33, 69, 34, 68, 36, 66, 37, 65, 43, 60, 44, 59, 45, 58, 46, 57, 47, 56, 48, 55, 49, 54, 74, 79]
Dot Bracket:
 .((((((.............)))))).((((.(((.((.....(((((((....)))))))....)).))..).(....).))))
85


Iteration 6


setting environment up
running sampling algorithm
beginning Burn in iterations

Centroid Structure
Length:
 23
Pairs:
 [(1, 25), (2, 24), (3, 23), (4, 22), (5, 21), (6, 20), (8, 18), (9, 16), (27, 84), (28, 83), (29, 82), (30, 81), (32, 72), (34, 70), (35, 67), (43, 60), (44, 59), (45, 58), (46, 57), (47, 56), (48, 55), (49, 54), (73, 80)]
Pairs:
 [1, 25, 2, 24, 3, 23, 4, 22, 5, 21, 6, 20, 8, 18, 9, 16, 27, 84, 28, 83, 29, 82, 30, 81, 32, 72, 34, 70, 35, 67, 43, 60, 44, 59, 45, 58, 46, 57, 47, 56, 48, 55, 49, 54, 73, 80]
Dot Bracket:
 .((((((.((......).).)))))).((((.(.((.......(((((((....)))))))......)..).)(......)))))
85


Iteration 7


setting environment up
running sampling algorithm
beginning Burn in iterations

Centroid Structure
Length:
 23
Pairs:
 [(0, 29), (1, 25), (2, 24), (3, 23), (4, 22), (5, 21), (6, 18), (7, 17), (10, 20), (11, 19), (31, 73), (32, 70), (33, 71), (35, 69), (36, 68), (37, 65), (43, 60), (44, 59), (45, 58), (46, 57), (47, 56), (48, 55), (49, 54)]
Pairs:
 [0, 29, 1, 25, 2, 24, 3, 23, 4, 22, 5, 21, 6, 18, 7, 17, 10, 20, 11, 19, 31, 73, 32, 70, 33, 71, 35, 69, 36, 68, 37, 65, 43, 60, 44, 59, 45, 58, 46, 57, 47, 56, 48, 55, 49, 54]
Dot Bracket:
 ((((((((..[[.....))]])))))...).[[(.(((.....(((((((....)))))))....)..))]).]...........
85


Iteration 8


setting environment up
running sampling algorithm
beginning Burn in iterations

Centroid Structure
Length:
 26
Pairs:
 [(1, 25), (2, 24), (3, 23), (4, 22), (5, 21), (6, 20), (8, 17), (9, 19), (10, 18), (27, 84), (28, 83), (29, 82), (30, 81), (32, 71), (33, 69), (36, 66), (37, 65), (43, 60), (44, 59), (45, 58), (46, 57), (47, 56), (48, 55), (49, 54), (68, 73), (74, 79)]
Pairs:
 [1, 25, 2, 24, 3, 23, 4, 22, 5, 21, 6, 20, 8, 17, 9, 19, 10, 18, 27, 84, 28, 83, 29, 82, 30, 81, 32, 71, 33, 69, 36, 66, 37, 65, 43, 60, 44, 59, 45, 58, 46, 57, 47, 56, 48, 55, 49, 54, 68, 73, 74, 79]
Dot Bracket:
 .((((((.([[......)]])))))).[[[[.[[..[[.....[[[[[[[....]]]]]]]....]].(].].)(....).]]]]
85


Iteration 9


setting environment up
running sampling algorithm
beginning Burn in iterations

Centroid Structure
Length:
 20
Pairs:
 [(1, 25), (2, 24), (3, 23), (4, 22), (5, 21), (6, 20), (31, 73), (32, 72), (33, 71), (34, 70), (35, 69), (36, 68), (37, 67), (43, 60), (44, 59), (45, 58), (46, 57), (47, 56), (48, 55), (49, 54)]
Pairs:
 [1, 25, 2, 24, 3, 23, 4, 22, 5, 21, 6, 20, 31, 73, 32, 72, 33, 71, 34, 70, 35, 69, 36, 68, 37, 67, 43, 60, 44, 59, 45, 58, 46, 57, 47, 56, 48, 55, 49, 54]
Dot Bracket:
 .((((((.............)))))).....(((((((.....(((((((....)))))))......)))))))...........
85


Iteration 10


setting environment up
running sampling algorithm
beginning Burn in iterations

Centroid Structure
Length:
 27
Pairs:
 [(1, 25), (2, 24), (3, 23), (4, 22), (5, 21), (6, 20), (7, 17), (9, 16), (27, 84), (28, 83), (29, 82), (30, 81), (31, 73), (32, 71), (33, 69), (34, 70), (35, 67), (36, 66), (37, 65), (43, 60), (44, 59), (45, 58), (46, 57), (47, 56), (48, 55), (49, 54), (74, 79)]
Pairs:
 [1, 25, 2, 24, 3, 23, 4, 22, 5, 21, 6, 20, 7, 17, 9, 16, 27, 84, 28, 83, 29, 82, 30, 81, 31, 73, 32, 71, 33, 69, 34, 70, 35, 67, 36, 66, 37, 65, 43, 60, 44, 59, 45, 58, 46, 57, 47, 56, 48, 55, 49, 54, 74, 79]
Dot Bracket:
 .(((((((.(......))..)))))).((((((([[[[.....[[[[[[[....]]]]]]]....]]].)]).)[....].))))
85


Iteration 11


setting environment up
running sampling algorithm
beginning Burn in iterations

Centroid Structure
Length:
 23
Pairs:
 [(1, 25), (2, 24), (3, 23), (4, 22), (5, 21), (6, 20), (8, 18), (27, 84), (28, 83), (29, 82), (33, 69), (34, 68), (35, 67), (36, 66), (37, 65), (43, 60), (44, 59), (45, 58), (46, 57), (47, 56), (48, 55), (49, 54), (73, 80)]
Pairs:
 [1, 25, 2, 24, 3, 23, 4, 22, 5, 21, 6, 20, 8, 18, 27, 84, 28, 83, 29, 82, 33, 69, 34, 68, 35, 67, 36, 66, 37, 65, 43, 60, 44, 59, 45, 58, 46, 57, 47, 56, 48, 55, 49, 54, 73, 80]
Dot Bracket:
 .((((((.(.........).)))))).(((...(((((.....(((((((....)))))))....)))))...(......).)))
85


Iteration 12


setting environment up
running sampling algorithm
beginning Burn in iterations

Centroid Structure
Length:
 25
Pairs:
 [(1, 25), (2, 24), (3, 23), (4, 22), (8, 18), (9, 21), (10, 20), (11, 19), (27, 84), (28, 83), (29, 82), (33, 71), (34, 68), (36, 66), (37, 67), (43, 60), (44, 59), (45, 58), (46, 57), (47, 56), (48, 55), (49, 54), (72, 81), (73, 80), (74, 79)]
Pairs:
 [1, 25, 2, 24, 3, 23, 4, 22, 8, 18, 9, 21, 10, 20, 11, 19, 27, 84, 28, 83, 29, 82, 33, 71, 34, 68, 36, 66, 37, 67, 43, 60, 44, 59, 45, 58, 46, 57, 47, 56, 48, 55, 49, 54, 72, 81, 73, 80, 74, 79]
Dot Bracket:
 .((((...([[[......)]]])))).[[[...[[.[(.....(((((((....))))))).....])]..](((....)))]]]
85


Iteration 13


setting environment up
running sampling algorithm
beginning Burn in iterations

Centroid Structure
Length:
 25
Pairs:
 [(1, 25), (2, 24), (3, 23), (4, 22), (5, 21), (6, 20), (8, 17), (9, 16), (27, 84), (28, 83), (29, 82), (30, 81), (31, 73), (33, 69), (34, 70), (36, 67), (37, 65), (43, 60), (44, 59), (45, 58), (46, 57), (47, 56), (48, 55), (49, 54), (74, 79)]
Pairs:
 [1, 25, 2, 24, 3, 23, 4, 22, 5, 21, 6, 20, 8, 17, 9, 16, 27, 84, 28, 83, 29, 82, 30, 81, 31, 73, 33, 69, 34, 70, 36, 67, 37, 65, 43, 60, 44, 59, 45, 58, 46, 57, 47, 56, 48, 55, 49, 54, 74, 79]
Dot Bracket:
 .((((((.((......))..)))))).(((((.([.[[.....[[[[[[[....]]]]]]]....].].)]..)[....].))))
85


Iteration 14


setting environment up
running sampling algorithm
beginning Burn in iterations

Centroid Structure
Length:
 24
Pairs:
 [(1, 25), (2, 24), (3, 23), (4, 22), (5, 21), (6, 20), (27, 84), (28, 83), (29, 82), (30, 81), (31, 73), (32, 72), (34, 70), (35, 67), (36, 66), (37, 65), (43, 60), (44, 59), (45, 58), (46, 57), (47, 56), (48, 55), (49, 54), (74, 79)]
Pairs:
 [1, 25, 2, 24, 3, 23, 4, 22, 5, 21, 6, 20, 27, 84, 28, 83, 29, 82, 30, 81, 31, 73, 32, 72, 34, 70, 35, 67, 36, 66, 37, 65, 43, 60, 44, 59, 45, 58, 46, 57, 47, 56, 48, 55, 49, 54, 74, 79]
Dot Bracket:
 .((((((.............)))))).((((((.((((.....(((((((....)))))))....)))..).))(....).))))
85


Iteration 15


setting environment up
running sampling algorithm
beginning Burn in iterations

Centroid Structure
Length:
 22
Pairs:
 [(1, 25), (2, 24), (3, 23), (4, 22), (5, 21), (6, 20), (27, 84), (28, 83), (29, 82), (30, 81), (31, 73), (32, 72), (33, 71), (34, 70), (35, 69), (43, 60), (44, 59), (45, 58), (46, 57), (47, 56), (48, 55), (49, 54)]
Pairs:
 [1, 25, 2, 24, 3, 23, 4, 22, 5, 21, 6, 20, 27, 84, 28, 83, 29, 82, 30, 81, 31, 73, 32, 72, 33, 71, 34, 70, 35, 69, 43, 60, 44, 59, 45, 58, 46, 57, 47, 56, 48, 55, 49, 54]
Dot Bracket:
 .((((((.............)))))).(((((((((.......(((((((....)))))))........))))).......))))
85


Iteration 16


setting environment up
running sampling algorithm
beginning Burn in iterations

Centroid Structure
Length:
 22
Pairs:
 [(1, 25), (2, 24), (3, 23), (4, 22), (5, 21), (6, 20), (27, 84), (28, 83), (29, 82), (30, 81), (34, 68), (36, 66), (37, 65), (43, 60), (44, 59), (45, 58), (46, 57), (47, 56), (48, 55), (49, 54), (73, 80), (74, 79)]
Pairs:
 [1, 25, 2, 24, 3, 23, 4, 22, 5, 21, 6, 20, 27, 84, 28, 83, 29, 82, 30, 81, 34, 68, 36, 66, 37, 65, 43, 60, 44, 59, 45, 58, 46, 57, 47, 56, 48, 55, 49, 54, 73, 80, 74, 79]
Dot Bracket:
 .((((((.............)))))).((((...(.((.....(((((((....)))))))....)).)....((....))))))
85


Iteration 17


setting environment up
running sampling algorithm
beginning Burn in iterations

Centroid Structure
Length:
 24
Pairs:
 [(3, 23), (4, 22), (5, 21), (6, 20), (9, 14), (10, 18), (25, 78), (26, 77), (27, 84), (28, 83), (29, 74), (32, 72), (33, 71), (35, 69), (36, 68), (37, 67), (43, 60), (44, 59), (45, 58), (46, 57), (47, 56), (48, 55), (49, 54), (73, 80)]
Pairs:
 [3, 23, 4, 22, 5, 21, 6, 20, 9, 14, 10, 18, 25, 78, 26, 77, 27, 84, 28, 83, 29, 74, 32, 72, 33, 71, 35, 69, 36, 68, 37, 67, 43, 60, 44, 59, 45, 58, 46, 57, 47, 56, 48, 55, 49, 54, 73, 80]
Dot Bracket:
 ...((((..([...)...].)))).[[(((..((.(((.....(((((((....)))))))......))).))[)..]].]..))
85


Iteration 18


setting environment up
running sampling algorithm
beginning Burn in iterations

Centroid Structure
Length:
 24
Pairs:
 [(1, 25), (2, 24), (3, 23), (4, 22), (5, 21), (6, 20), (8, 18), (27, 84), (28, 83), (29, 82), (30, 81), (31, 73), (32, 72), (33, 71), (34, 70), (35, 69), (38, 67), (43, 60), (44, 59), (45, 58), (46, 57), (47, 56), (48, 55), (49, 54)]
Pairs:
 [1, 25, 2, 24, 3, 23, 4, 22, 5, 21, 6, 20, 8, 18, 27, 84, 28, 83, 29, 82, 30, 81, 31, 73, 32, 72, 33, 71, 34, 70, 35, 69, 38, 67, 43, 60, 44, 59, 45, 58, 46, 57, 47, 56, 48, 55, 49, 54]
Dot Bracket:
 .((((((.(.........).)))))).(((((((((..(....(((((((....)))))))......).))))).......))))
85


Iteration 19


setting environment up
running sampling algorithm
beginning Burn in iterations

Centroid Structure
Length:
 27
Pairs:
 [(1, 25), (2, 24), (3, 23), (4, 22), (5, 21), (6, 20), (7, 17), (11, 16), (27, 84), (28, 83), (29, 82), (30, 81), (32, 70), (33, 69), (34, 68), (35, 67), (36, 66), (37, 65), (43, 60), (44, 59), (45, 58), (46, 57), (47, 56), (48, 55), (49, 54), (73, 80), (74, 79)]
Pairs:
 [1, 25, 2, 24, 3, 23, 4, 22, 5, 21, 6, 20, 7, 17, 11, 16, 27, 84, 28, 83, 29, 82, 30, 81, 32, 70, 33, 69, 34, 68, 35, 67, 36, 66, 37, 65, 43, 60, 44, 59, 45, 58, 46, 57, 47, 56, 48, 55, 49, 54, 73, 80, 74, 79]
Dot Bracket:
 .(((((((...(....))..)))))).((((.((((((.....(((((((....)))))))....))))))..((....))))))
85
