Iteration 0

setting environment up
running sfold binary

Sfold Executable Code for Academic Users, Version 2.2-20110126
 Running partition function and statistical sampling module... done
 (general output in /home/chris/devtree/pseudoKnot_research/output/sfold.out)
 Running structure clustering module... done
 (general output in /home/chris/devtree/pseudoKnot_research/output/sclass.out)
Process completed. See output files in '/home/chris/devtree/pseudoKnot_research/output'.

running sampling algorithm
beginning Burn in iterations

Centroid Structure
Length:
 28
Pairs:
 [(3, 94), (4, 93), (5, 92), (8, 32), (9, 31), (11, 30), (12, 29), (13, 28), (14, 27), (15, 26), (16, 25), (35, 51), (36, 50), (37, 49), (38, 48), (39, 47), (40, 46), (41, 45), (60, 78), (61, 77), (62, 76), (63, 75), (64, 74), (65, 73), (66, 72), (67, 71), (79, 88), (80, 87)]
Pairs:
 [3, 94, 4, 93, 5, 92, 8, 32, 9, 31, 11, 30, 12, 29, 13, 28, 14, 27, 15, 26, 16, 25, 35, 51, 36, 50, 37, 49, 38, 48, 39, 47, 40, 46, 41, 45, 60, 78, 61, 77, 62, 76, 63, 75, 64, 74, 65, 73, 66, 72, 67, 71, 79, 88, 80, 87]
Dot Bracket:
 ...(((..((.((((((........))))))))..(((((((...)))))))........((((((((...))))))))((......))...))).
96


Iteration 1


setting environment up
running sampling algorithm
beginning Burn in iterations

Centroid Structure
Length:
 32
Pairs:
 [(2, 95), (3, 94), (4, 93), (5, 92), (8, 32), (9, 15), (10, 30), (12, 29), (13, 28), (14, 27), (16, 25), (21, 89), (22, 88), (33, 52), (35, 51), (36, 50), (37, 49), (38, 48), (39, 47), (40, 46), (41, 45), (58, 79), (61, 77), (62, 76), (63, 75), (64, 74), (65, 73), (66, 72), (67, 71), (78, 90), (80, 87), (81, 86)]
Pairs:
 [2, 95, 3, 94, 4, 93, 5, 92, 8, 32, 9, 15, 10, 30, 12, 29, 13, 28, 14, 27, 16, 25, 21, 89, 22, 88, 33, 52, 35, 51, 36, 50, 37, 49, 38, 48, 39, 47, 40, 46, 41, 45, 58, 79, 61, 77, 62, 76, 63, 75, 64, 74, 65, 73, 66, 72, 67, 71, 78, 90, 80, 87, 81, 86]
Dot Bracket:
 ..((((..(([.[[[)[....([..].]]]].)(.(((((((...)))))))).....(..(((((((...)))))))[)((....))])].))))
96


Iteration 2


setting environment up
running sampling algorithm
beginning Burn in iterations

Centroid Structure
Length:
 30
Pairs:
 [(3, 57), (4, 56), (5, 55), (6, 54), (7, 53), (8, 52), (9, 51), (11, 30), (12, 29), (13, 28), (14, 27), (15, 26), (16, 25), (36, 50), (37, 49), (38, 48), (39, 47), (40, 46), (41, 45), (58, 80), (60, 78), (61, 77), (62, 76), (63, 75), (64, 74), (65, 73), (66, 72), (67, 71), (81, 87), (82, 86)]
Pairs:
 [3, 57, 4, 56, 5, 55, 6, 54, 7, 53, 8, 52, 9, 51, 11, 30, 12, 29, 13, 28, 14, 27, 15, 26, 16, 25, 36, 50, 37, 49, 38, 48, 39, 47, 40, 46, 41, 45, 58, 80, 60, 78, 61, 77, 62, 76, 63, 75, 64, 74, 65, 73, 66, 72, 67, 71, 81, 87, 82, 86]
Dot Bracket:
 ...(((((((.((((((........)))))).....((((((...)))))))))))))(.((((((((...)))))))).)((...))........
96


Iteration 3


setting environment up
running sampling algorithm
beginning Burn in iterations

Centroid Structure
Length:
 31
Pairs:
 [(1, 59), (2, 58), (3, 57), (4, 56), (5, 55), (6, 54), (7, 53), (9, 31), (10, 30), (12, 29), (13, 28), (14, 27), (15, 26), (16, 25), (33, 52), (35, 51), (36, 50), (37, 49), (38, 48), (39, 47), (40, 46), (61, 91), (62, 76), (63, 75), (64, 74), (65, 73), (66, 72), (67, 71), (78, 89), (81, 88), (82, 87)]
Pairs:
 [1, 59, 2, 58, 3, 57, 4, 56, 5, 55, 6, 54, 7, 53, 9, 31, 10, 30, 12, 29, 13, 28, 14, 27, 15, 26, 16, 25, 33, 52, 35, 51, 36, 50, 37, 49, 38, 48, 39, 47, 40, 46, 61, 91, 62, 76, 63, 75, 64, 74, 65, 73, 66, 72, 67, 71, 78, 89, 81, 88, 82, 87]
Dot Bracket:
 .(((((((.((.(((((........))))))).(.((((((.....)))))))))))))).(((((((...)))))).(..((....))).)....
96


Iteration 4


setting environment up
running sampling algorithm
beginning Burn in iterations

Centroid Structure
Length:
 33
Pairs:
 [(2, 95), (3, 94), (4, 93), (5, 92), (6, 34), (7, 17), (9, 15), (11, 30), (12, 29), (13, 28), (14, 27), (16, 25), (20, 90), (21, 89), (23, 87), (33, 52), (35, 51), (36, 50), (37, 49), (38, 48), (39, 47), (40, 46), (41, 45), (58, 79), (59, 78), (61, 77), (62, 76), (63, 75), (64, 74), (65, 73), (66, 72), (67, 71), (81, 88)]
Pairs:
 [2, 95, 3, 94, 4, 93, 5, 92, 6, 34, 7, 17, 9, 15, 11, 30, 12, 29, 13, 28, 14, 27, 16, 25, 20, 90, 21, 89, 23, 87, 33, 52, 35, 51, 36, 50, 37, 49, 38, 48, 39, 47, 40, 46, 41, 45, 58, 79, 59, 78, 61, 77, 62, 76, 63, 75, 64, 74, 65, 73, 66, 72, 67, 71, 81, 88]
Dot Bracket:
 ..((((((.(.[[[[)[)..([.[.].]]]]..[)[[[[[[[...]]]]]]]].....[[.[[[[[[[...]]]]]]]]].(.....])]).))))
96


Iteration 5


setting environment up
running sampling algorithm
beginning Burn in iterations

Centroid Structure
Length:
 25
Pairs:
 [(3, 94), (5, 92), (8, 32), (9, 31), (10, 30), (12, 29), (13, 28), (14, 27), (15, 26), (16, 25), (35, 51), (36, 50), (37, 49), (38, 48), (39, 47), (40, 46), (41, 45), (61, 77), (62, 76), (63, 75), (64, 74), (65, 73), (66, 72), (67, 71), (79, 88)]
Pairs:
 [3, 94, 5, 92, 8, 32, 9, 31, 10, 30, 12, 29, 13, 28, 14, 27, 15, 26, 16, 25, 35, 51, 36, 50, 37, 49, 38, 48, 39, 47, 40, 46, 41, 45, 61, 77, 62, 76, 63, 75, 64, 74, 65, 73, 66, 72, 67, 71, 79, 88]
Dot Bracket:
 ...(.(..(((.(((((........))))))))..(((((((...))))))).........(((((((...))))))).(........)...).).
96


Iteration 6


setting environment up
running sampling algorithm
beginning Burn in iterations

Centroid Structure
Length:
 30
Pairs:
 [(1, 59), (2, 95), (3, 57), (4, 93), (7, 33), (8, 32), (9, 31), (11, 30), (12, 29), (13, 28), (14, 27), (15, 26), (16, 25), (35, 51), (36, 50), (37, 49), (38, 48), (39, 47), (40, 46), (41, 45), (60, 78), (61, 77), (62, 76), (63, 75), (64, 74), (65, 73), (66, 72), (67, 71), (79, 88), (80, 87)]
Pairs:
 [1, 59, 2, 95, 3, 57, 4, 93, 7, 33, 8, 32, 9, 31, 11, 30, 12, 29, 13, 28, 14, 27, 15, 26, 16, 25, 35, 51, 36, 50, 37, 49, 38, 48, 39, 47, 40, 46, 41, 45, 60, 78, 61, 77, 62, 76, 63, 75, 64, 74, 65, 73, 66, 72, 67, 71, 79, 88, 80, 87]
Dot Bracket:
 .([[(..(((.((((((........))))))))).(((((((...))))))).....].)((((((((...))))))))((......))....).]
96


Iteration 7


setting environment up
running sampling algorithm
beginning Burn in iterations

Centroid Structure
Length:
 31
Pairs:
 [(1, 59), (3, 94), (5, 55), (6, 54), (7, 17), (10, 14), (11, 30), (12, 29), (13, 28), (19, 91), (20, 90), (23, 87), (25, 56), (31, 52), (32, 51), (36, 50), (37, 49), (38, 48), (39, 47), (40, 46), (41, 45), (61, 77), (62, 76), (63, 75), (64, 74), (65, 73), (66, 72), (67, 71), (78, 89), (79, 88), (81, 86)]
Pairs:
 [1, 59, 3, 94, 5, 55, 6, 54, 7, 17, 10, 14, 11, 30, 12, 29, 13, 28, 19, 91, 20, 90, 23, 87, 25, 56, 31, 52, 32, 51, 36, 50, 37, 49, 38, 48, 39, 47, 40, 46, 41, 45, 61, 77, 62, 76, 63, 75, 64, 74, 65, 73, 66, 72, 67, 71, 78, 89, 79, 88, 81, 86]
Dot Bracket:
 .(.[.[[[..[(((]..].[[..[.[..)))((...((((((...)))))))).]]]..).(((((((...)))))))[[.(....)]]]]]..].
96


Iteration 8


setting environment up
running sampling algorithm
beginning Burn in iterations

Centroid Structure
Length:
 23
Pairs:
 [(2, 95), (5, 92), (8, 32), (9, 31), (12, 29), (13, 28), (14, 27), (15, 26), (16, 25), (35, 51), (36, 50), (37, 49), (38, 48), (39, 47), (40, 46), (41, 45), (61, 77), (62, 76), (63, 75), (64, 74), (65, 73), (66, 72), (67, 71)]
Pairs:
 [2, 95, 5, 92, 8, 32, 9, 31, 12, 29, 13, 28, 14, 27, 15, 26, 16, 25, 35, 51, 36, 50, 37, 49, 38, 48, 39, 47, 40, 46, 41, 45, 61, 77, 62, 76, 63, 75, 64, 74, 65, 73, 66, 72, 67, 71]
Dot Bracket:
 ..(..(..((..(((((........))))).))..(((((((...))))))).........(((((((...)))))))..............)..)
96


Iteration 9


setting environment up
running sampling algorithm
beginning Burn in iterations

Centroid Structure
Length:
 29
Pairs:
 [(1, 85), (2, 84), (4, 93), (5, 92), (8, 32), (9, 31), (10, 30), (12, 29), (13, 28), (14, 27), (15, 26), (16, 25), (33, 52), (35, 51), (36, 50), (37, 49), (38, 48), (39, 47), (40, 46), (41, 45), (58, 79), (60, 78), (61, 77), (62, 76), (63, 75), (64, 74), (65, 73), (66, 72), (67, 71)]
Pairs:
 [1, 85, 2, 84, 4, 93, 5, 92, 8, 32, 9, 31, 10, 30, 12, 29, 13, 28, 14, 27, 15, 26, 16, 25, 33, 52, 35, 51, 36, 50, 37, 49, 38, 48, 39, 47, 40, 46, 41, 45, 58, 79, 60, 78, 61, 77, 62, 76, 63, 75, 64, 74, 65, 73, 66, 72, 67, 71]
Dot Bracket:
 .((.[[..[[[.[[[[[........]]]]]]]][.[[[[[[[...]]]]]]]].....[.[[[[[[[[...]]]]]]]]]....))......]]..
96


Iteration 10


setting environment up
running sampling algorithm
beginning Burn in iterations

Centroid Structure
Length:
 27
Pairs:
 [(2, 95), (3, 94), (4, 93), (5, 92), (6, 54), (9, 31), (11, 30), (12, 29), (13, 28), (14, 27), (15, 26), (16, 25), (35, 51), (36, 50), (37, 49), (38, 48), (39, 47), (40, 46), (41, 45), (61, 77), (62, 76), (63, 75), (64, 74), (65, 73), (66, 72), (67, 71), (79, 88)]
Pairs:
 [2, 95, 3, 94, 4, 93, 5, 92, 6, 54, 9, 31, 11, 30, 12, 29, 13, 28, 14, 27, 15, 26, 16, 25, 35, 51, 36, 50, 37, 49, 38, 48, 39, 47, 40, 46, 41, 45, 61, 77, 62, 76, 63, 75, 64, 74, 65, 73, 66, 72, 67, 71, 79, 88]
Dot Bracket:
 ..(((((..(.((((((........)))))))...(((((((...)))))))..)......(((((((...))))))).(........)...))))
96


Iteration 11


setting environment up
running sampling algorithm
beginning Burn in iterations

Centroid Structure
Length:
 28
Pairs:
 [(2, 95), (3, 94), (5, 55), (6, 54), (9, 31), (11, 30), (12, 29), (13, 28), (14, 27), (15, 26), (16, 25), (19, 24), (35, 51), (36, 50), (37, 49), (38, 48), (39, 47), (40, 46), (41, 45), (61, 77), (62, 76), (63, 75), (64, 74), (65, 73), (66, 72), (67, 71), (78, 89), (81, 86)]
Pairs:
 [2, 95, 3, 94, 5, 55, 6, 54, 9, 31, 11, 30, 12, 29, 13, 28, 14, 27, 15, 26, 16, 25, 19, 24, 35, 51, 36, 50, 37, 49, 38, 48, 39, 47, 40, 46, 41, 45, 61, 77, 62, 76, 63, 75, 64, 74, 65, 73, 66, 72, 67, 71, 78, 89, 81, 86]
Dot Bracket:
 ..((.((..(.((((((..(....))))))))...(((((((...)))))))..)).....(((((((...)))))))(..(....)..)....))
96


Iteration 12


setting environment up
running sampling algorithm
beginning Burn in iterations

Centroid Structure
Length:
 26
Pairs:
 [(2, 95), (3, 94), (4, 93), (5, 92), (6, 34), (9, 31), (11, 30), (12, 29), (13, 28), (14, 27), (15, 26), (16, 25), (36, 48), (37, 49), (39, 47), (40, 46), (61, 77), (62, 76), (63, 75), (64, 74), (65, 73), (66, 72), (67, 71), (79, 88), (81, 86), (82, 87)]
Pairs:
 [2, 95, 3, 94, 4, 93, 5, 92, 6, 34, 9, 31, 11, 30, 12, 29, 13, 28, 14, 27, 15, 26, 16, 25, 36, 48, 37, 49, 39, 47, 40, 46, 61, 77, 62, 76, 63, 75, 64, 74, 65, 73, 66, 72, 67, 71, 79, 88, 81, 86, 82, 87]
Dot Bracket:
 ..(((((..(.((((((........)))))))..).([.[[.....]])]...........[[[[[[[...]]]]]]].[.[(...])]...))))
96


Iteration 13


setting environment up
running sampling algorithm
beginning Burn in iterations

Centroid Structure
Length:
 22
Pairs:
 [(4, 93), (6, 54), (11, 30), (12, 29), (13, 28), (14, 27), (15, 26), (16, 25), (36, 50), (37, 49), (38, 48), (39, 47), (40, 46), (41, 45), (60, 78), (61, 77), (62, 76), (63, 75), (64, 74), (65, 73), (66, 72), (67, 71)]
Pairs:
 [4, 93, 6, 54, 11, 30, 12, 29, 13, 28, 14, 27, 15, 26, 16, 25, 36, 50, 37, 49, 38, 48, 39, 47, 40, 46, 41, 45, 60, 78, 61, 77, 62, 76, 63, 75, 64, 74, 65, 73, 66, 72, 67, 71]
Dot Bracket:
 ....(.(....((((((........)))))).....((((((...))))))...).....((((((((...))))))))..............)..
96


Iteration 14


setting environment up
running sampling algorithm
beginning Burn in iterations

Centroid Structure
Length:
 33
Pairs:
 [(3, 94), (4, 93), (5, 92), (6, 34), (7, 33), (8, 32), (9, 31), (11, 30), (12, 29), (13, 28), (14, 27), (15, 26), (16, 25), (35, 51), (36, 50), (37, 49), (38, 48), (39, 47), (40, 46), (41, 45), (56, 86), (57, 85), (58, 83), (61, 77), (62, 76), (63, 75), (64, 74), (65, 73), (66, 72), (67, 71), (80, 91), (81, 88), (82, 87)]
Pairs:
 [3, 94, 4, 93, 5, 92, 6, 34, 7, 33, 8, 32, 9, 31, 11, 30, 12, 29, 13, 28, 14, 27, 15, 26, 16, 25, 35, 51, 36, 50, 37, 49, 38, 48, 39, 47, 40, 46, 41, 45, 56, 86, 57, 85, 58, 83, 61, 77, 62, 76, 63, 75, 64, 74, 65, 73, 66, 72, 67, 71, 80, 91, 81, 88, 82, 87]
Dot Bracket:
 ...(((((((.((((((........))))))))))(((((((...)))))))....(((..(((((((...)))))))..[[[).))]]..]))).
96


Iteration 15


setting environment up
running sampling algorithm
beginning Burn in iterations

Centroid Structure
Length:
 30
Pairs:
 [(1, 89), (2, 84), (3, 83), (4, 82), (8, 32), (9, 31), (11, 30), (12, 29), (13, 28), (14, 27), (15, 26), (16, 25), (35, 51), (36, 50), (37, 49), (38, 48), (39, 47), (40, 46), (41, 45), (57, 90), (58, 80), (60, 78), (61, 77), (62, 76), (63, 75), (64, 74), (65, 73), (66, 72), (67, 71), (81, 87)]
Pairs:
 [1, 89, 2, 84, 3, 83, 4, 82, 8, 32, 9, 31, 11, 30, 12, 29, 13, 28, 14, 27, 15, 26, 16, 25, 35, 51, 36, 50, 37, 49, 38, 48, 39, 47, 40, 46, 41, 45, 57, 90, 58, 80, 60, 78, 61, 77, 62, 76, 63, 75, 64, 74, 65, 73, 66, 72, 67, 71, 81, 87]
Dot Bracket:
 .((((...((.((((((........))))))))..(((((((...))))))).....[[.[[[[[[[[...]]]]]]]].][)))..].)].....
96


Iteration 16


setting environment up
running sampling algorithm
beginning Burn in iterations

Centroid Structure
Length:
 29
Pairs:
 [(2, 95), (3, 94), (4, 93), (5, 92), (8, 32), (12, 29), (13, 28), (14, 27), (15, 26), (16, 25), (35, 51), (36, 50), (37, 49), (38, 48), (39, 47), (40, 46), (41, 45), (60, 78), (61, 77), (62, 76), (63, 75), (64, 74), (65, 73), (66, 72), (67, 71), (78, 89), (79, 88), (80, 87), (81, 86)]
Pairs:
 [2, 95, 3, 94, 4, 93, 5, 92, 8, 32, 12, 29, 13, 28, 14, 27, 15, 26, 16, 25, 35, 51, 36, 50, 37, 49, 38, 48, 39, 47, 40, 46, 41, 45, 60, 78, 61, 77, 62, 76, 63, 75, 64, 74, 65, 73, 66, 72, 67, 71, 78, 89, 79, 88, 80, 87, 81, 86]
Dot Bracket:
 ..((((..(...(((((........)))))..)..(((((((...)))))))........((((((((...)))))))((((....))))..))))
78is already in the set.
96


Iteration 17


setting environment up
running sampling algorithm
beginning Burn in iterations

Centroid Structure
Length:
 29
Pairs:
 [(2, 95), (3, 94), (4, 93), (5, 92), (7, 33), (8, 32), (9, 31), (10, 30), (12, 29), (13, 28), (14, 27), (15, 26), (16, 25), (35, 51), (36, 50), (37, 49), (38, 48), (39, 47), (40, 46), (41, 45), (60, 78), (61, 77), (62, 76), (63, 75), (64, 74), (65, 73), (66, 72), (67, 71), (80, 88)]
Pairs:
 [2, 95, 3, 94, 4, 93, 5, 92, 7, 33, 8, 32, 9, 31, 10, 30, 12, 29, 13, 28, 14, 27, 15, 26, 16, 25, 35, 51, 36, 50, 37, 49, 38, 48, 39, 47, 40, 46, 41, 45, 60, 78, 61, 77, 62, 76, 63, 75, 64, 74, 65, 73, 66, 72, 67, 71, 80, 88]
Dot Bracket:
 ..((((.((((.(((((........))))))))).(((((((...)))))))........((((((((...)))))))).(.......)...))))
96


Iteration 18


setting environment up
running sampling algorithm
beginning Burn in iterations

Centroid Structure
Length:
 32
Pairs:
 [(2, 95), (3, 57), (4, 56), (5, 55), (6, 54), (7, 53), (8, 52), (11, 30), (12, 29), (13, 28), (14, 27), (15, 26), (16, 25), (19, 24), (35, 51), (36, 50), (37, 49), (38, 48), (39, 47), (40, 46), (41, 45), (58, 79), (60, 78), (61, 77), (62, 76), (63, 75), (64, 74), (65, 73), (66, 72), (67, 71), (81, 88), (82, 86)]
Pairs:
 [2, 95, 3, 57, 4, 56, 5, 55, 6, 54, 7, 53, 8, 52, 11, 30, 12, 29, 13, 28, 14, 27, 15, 26, 16, 25, 19, 24, 35, 51, 36, 50, 37, 49, 38, 48, 39, 47, 40, 46, 41, 45, 58, 79, 60, 78, 61, 77, 62, 76, 63, 75, 64, 74, 65, 73, 66, 72, 67, 71, 81, 88, 82, 86]
Dot Bracket:
 ..(((((((..((((((..(....)))))))....(((((((...)))))))))))))(.((((((((...))))))))).((...).)......)
96


Iteration 19


setting environment up
running sampling algorithm
beginning Burn in iterations

Centroid Structure
Length:
 26
Pairs:
 [(2, 95), (4, 93), (5, 55), (7, 53), (8, 32), (9, 31), (11, 30), (12, 29), (13, 28), (14, 27), (15, 26), (16, 25), (35, 51), (36, 50), (37, 49), (38, 48), (39, 47), (40, 46), (41, 45), (61, 77), (62, 76), (63, 75), (64, 74), (65, 73), (66, 72), (67, 71)]
Pairs:
 [2, 95, 4, 93, 5, 55, 7, 53, 8, 32, 9, 31, 11, 30, 12, 29, 13, 28, 14, 27, 15, 26, 16, 25, 35, 51, 36, 50, 37, 49, 38, 48, 39, 47, 40, 46, 41, 45, 61, 77, 62, 76, 63, 75, 64, 74, 65, 73, 66, 72, 67, 71]
Dot Bracket:
 ..(.((.(((.((((((........))))))))..(((((((...))))))).).).....(((((((...)))))))...............).)
96
