Iteration 0

setting environment up
running sfold binary

Sfold Executable Code for Academic Users, Version 2.2-20110126
 Running partition function and statistical sampling module... done
 (general output in /home/chris/devtree/pseudoKnot_research/output/sfold.out)
 Running structure clustering module... done
 (general output in /home/chris/devtree/pseudoKnot_research/output/sclass.out)
Process completed. See output files in '/home/chris/devtree/pseudoKnot_research/output'.

running sampling algorithm
beginning Burn in iterations

Centroid Structure
Length:
 17
Pairs:
 [(1, 59), (2, 58), (3, 57), (4, 56), (5, 55), (6, 54), (7, 53), (8, 50), (9, 49), (10, 48), (11, 47), (12, 46), (13, 45), (14, 44), (22, 31), (23, 30), (35, 41)]
Pairs:
 [1, 59, 2, 58, 3, 57, 4, 56, 5, 55, 6, 54, 7, 53, 8, 50, 9, 49, 10, 48, 11, 47, 12, 46, 13, 45, 14, 44, 22, 31, 23, 30, 35, 41]
Dot Bracket:
 .((((((((((((((.......((......))...(.....)..)))))))..))))))).............
73


Iteration 1


setting environment up
running sampling algorithm
beginning Burn in iterations

Centroid Structure
Length:
 19
Pairs:
 [(1, 59), (2, 58), (3, 57), (4, 56), (5, 55), (6, 54), (7, 53), (8, 50), (9, 49), (10, 48), (11, 47), (12, 46), (13, 45), (14, 44), (19, 36), (21, 34), (22, 33), (23, 31), (24, 30)]
Pairs:
 [1, 59, 2, 58, 3, 57, 4, 56, 5, 55, 6, 54, 7, 53, 8, 50, 9, 49, 10, 48, 11, 47, 12, 46, 13, 45, 14, 44, 19, 36, 21, 34, 22, 33, 23, 31, 24, 30]
Dot Bracket:
 .((((((((((((((....(.((((.....)).)).).......)))))))..))))))).............
73


Iteration 2


setting environment up
running sampling algorithm
beginning Burn in iterations

Centroid Structure
Length:
 20
Pairs:
 [(1, 59), (2, 58), (4, 56), (5, 55), (6, 54), (7, 53), (8, 50), (9, 49), (10, 48), (11, 47), (12, 46), (13, 45), (14, 44), (15, 42), (19, 36), (20, 35), (21, 34), (22, 33), (23, 31), (24, 30)]
Pairs:
 [1, 59, 2, 58, 4, 56, 5, 55, 6, 54, 7, 53, 8, 50, 9, 49, 10, 48, 11, 47, 12, 46, 13, 45, 14, 44, 15, 42, 19, 36, 20, 35, 21, 34, 22, 33, 23, 31, 24, 30]
Dot Bracket:
 .((.((((((((((((...((((((.....)).)))).....).)))))))..)))).)).............
73


Iteration 3


setting environment up
running sampling algorithm
beginning Burn in iterations

Centroid Structure
Length:
 19
Pairs:
 [(1, 59), (2, 58), (3, 57), (4, 56), (5, 55), (6, 54), (7, 53), (8, 50), (9, 49), (10, 48), (11, 47), (12, 46), (13, 45), (14, 44), (15, 42), (16, 37), (20, 35), (21, 34), (22, 31)]
Pairs:
 [1, 59, 2, 58, 3, 57, 4, 56, 5, 55, 6, 54, 7, 53, 8, 50, 9, 49, 10, 48, 11, 47, 12, 46, 13, 45, 14, 44, 15, 42, 16, 37, 20, 35, 21, 34, 22, 31]
Dot Bracket:
 .((((((((((((((((...(((........)..)).)....).)))))))..))))))).............
73


Iteration 4


setting environment up
running sampling algorithm
beginning Burn in iterations

Centroid Structure
Length:
 15
Pairs:
 [(1, 59), (2, 58), (3, 57), (4, 56), (5, 55), (6, 54), (7, 53), (8, 50), (9, 49), (10, 48), (11, 47), (12, 46), (13, 45), (14, 44), (16, 43)]
Pairs:
 [1, 59, 2, 58, 3, 57, 4, 56, 5, 55, 6, 54, 7, 53, 8, 50, 9, 49, 10, 48, 11, 47, 12, 46, 13, 45, 14, 44, 16, 43]
Dot Bracket:
 .((((((((((((((.(..........................))))))))..))))))).............
73


Iteration 5


setting environment up
running sampling algorithm
beginning Burn in iterations

Centroid Structure
Length:
 17
Pairs:
 [(1, 59), (3, 54), (4, 56), (5, 55), (8, 50), (9, 49), (10, 48), (11, 47), (12, 46), (13, 45), (14, 44), (19, 36), (22, 33), (23, 30), (24, 29), (34, 42), (35, 41)]
Pairs:
 [1, 59, 3, 54, 4, 56, 5, 55, 8, 50, 9, 49, 10, 48, 11, 47, 12, 46, 13, 45, 14, 44, 19, 36, 22, 33, 23, 30, 24, 29, 34, 42, 35, 41]
Dot Bracket:
 .(.([[..[[[[[[[....[..[[[....]]..]((]....)).]]]]]]]...)]]..).............
73


Iteration 6


setting environment up
running sampling algorithm
beginning Burn in iterations

Centroid Structure
Length:
 21
Pairs:
 [(1, 59), (2, 58), (3, 57), (4, 56), (5, 55), (6, 54), (7, 53), (8, 52), (9, 49), (10, 48), (11, 47), (12, 46), (13, 45), (14, 44), (15, 38), (16, 43), (20, 32), (22, 30), (23, 29), (24, 28), (34, 39)]
Pairs:
 [1, 59, 2, 58, 3, 57, 4, 56, 5, 55, 6, 54, 7, 53, 8, 52, 9, 49, 10, 48, 11, 47, 12, 46, 13, 45, 14, 44, 15, 38, 16, 43, 20, 32, 22, 30, 23, 29, 24, 28, 34, 39]
Dot Bracket:
 .((((((((((((((([...[.[[[...]]].].[...)]...]))))))..)))))))).............
73


Iteration 7


setting environment up
running sampling algorithm
beginning Burn in iterations

Centroid Structure
Length:
 20
Pairs:
 [(1, 59), (2, 58), (3, 57), (4, 53), (5, 52), (6, 54), (8, 50), (9, 49), (10, 48), (11, 47), (12, 46), (13, 45), (14, 44), (15, 41), (17, 35), (21, 34), (23, 29), (24, 30), (36, 43), (37, 42)]
Pairs:
 [1, 59, 2, 58, 3, 57, 4, 53, 5, 52, 6, 54, 8, 50, 9, 49, 10, 48, 11, 47, 12, 46, 13, 45, 14, 44, 15, 41, 17, 35, 21, 34, 23, 29, 24, 30, 36, 43, 37, 42]
Dot Bracket:
 .((((([.[[[[[[[[.[...[.[(....])...]]((...]))]]]]]]].))]..))).............
73


Iteration 8


setting environment up
running sampling algorithm
beginning Burn in iterations

Centroid Structure
Length:
 16
Pairs:
 [(1, 59), (2, 58), (3, 57), (5, 55), (6, 54), (7, 53), (8, 50), (9, 49), (10, 48), (11, 47), (12, 46), (13, 45), (14, 44), (15, 41), (19, 36), (22, 31)]
Pairs:
 [1, 59, 2, 58, 3, 57, 5, 55, 6, 54, 7, 53, 8, 50, 9, 49, 10, 48, 11, 47, 12, 46, 13, 45, 14, 44, 15, 41, 19, 36, 22, 31]
Dot Bracket:
 .(((.(((((((((((...(..(........)....)....)..)))))))..))).))).............
73


Iteration 9


setting environment up
running sampling algorithm
beginning Burn in iterations

Centroid Structure
Length:
 22
Pairs:
 [(1, 59), (2, 58), (3, 57), (4, 56), (5, 55), (6, 54), (7, 53), (8, 50), (9, 49), (10, 48), (11, 47), (12, 46), (13, 45), (14, 44), (15, 41), (19, 36), (22, 33), (23, 31), (24, 30), (25, 37), (28, 35), (29, 34)]
Pairs:
 [1, 59, 2, 58, 3, 57, 4, 56, 5, 55, 6, 54, 7, 53, 8, 50, 9, 49, 10, 48, 11, 47, 12, 46, 13, 45, 14, 44, 15, 41, 19, 36, 22, 33, 23, 31, 24, 30, 25, 37, 28, 35, 29, 34]
Dot Bracket:
 .(((((((((((((((...(..((([..[[)).)]])]...)..)))))))..))))))).............
73


Iteration 10


setting environment up
running sampling algorithm
beginning Burn in iterations

Centroid Structure
Length:
 17
Pairs:
 [(1, 59), (2, 58), (3, 57), (4, 56), (5, 55), (6, 54), (7, 53), (8, 50), (9, 49), (10, 48), (11, 47), (12, 46), (13, 45), (14, 44), (20, 35), (21, 34), (22, 33)]
Pairs:
 [1, 59, 2, 58, 3, 57, 4, 56, 5, 55, 6, 54, 7, 53, 8, 50, 9, 49, 10, 48, 11, 47, 12, 46, 13, 45, 14, 44, 20, 35, 21, 34, 22, 33]
Dot Bracket:
 .((((((((((((((.....(((..........)))........)))))))..))))))).............
73


Iteration 11


setting environment up
running sampling algorithm
beginning Burn in iterations

Centroid Structure
Length:
 21
Pairs:
 [(1, 59), (2, 58), (3, 57), (4, 56), (5, 55), (6, 54), (7, 53), (8, 52), (9, 49), (10, 48), (11, 47), (12, 46), (13, 45), (14, 44), (16, 43), (19, 36), (20, 35), (21, 34), (22, 33), (23, 31), (24, 30)]
Pairs:
 [1, 59, 2, 58, 3, 57, 4, 56, 5, 55, 6, 54, 7, 53, 8, 52, 9, 49, 10, 48, 11, 47, 12, 46, 13, 45, 14, 44, 16, 43, 19, 36, 20, 35, 21, 34, 22, 33, 23, 31, 24, 30]
Dot Bracket:
 .((((((((((((((.(..((((((.....)).))))......)))))))..)))))))).............
73


Iteration 12


setting environment up
running sampling algorithm
beginning Burn in iterations

Centroid Structure
Length:
 15
Pairs:
 [(1, 59), (2, 58), (3, 57), (4, 56), (5, 55), (6, 54), (7, 53), (8, 50), (9, 49), (10, 48), (11, 47), (12, 46), (13, 45), (14, 44), (22, 33)]
Pairs:
 [1, 59, 2, 58, 3, 57, 4, 56, 5, 55, 6, 54, 7, 53, 8, 50, 9, 49, 10, 48, 11, 47, 12, 46, 13, 45, 14, 44, 22, 33]
Dot Bracket:
 .((((((((((((((.......(..........)..........)))))))..))))))).............
73


Iteration 13


setting environment up
running sampling algorithm
beginning Burn in iterations

Centroid Structure
Length:
 18
Pairs:
 [(4, 56), (6, 54), (7, 53), (8, 52), (9, 49), (10, 48), (11, 47), (12, 46), (13, 45), (14, 44), (15, 41), (19, 36), (20, 35), (21, 32), (22, 31), (24, 30), (33, 43), (34, 42)]
Pairs:
 [4, 56, 6, 54, 7, 53, 8, 52, 9, 49, 10, 48, 11, 47, 12, 46, 13, 45, 14, 44, 15, 41, 19, 36, 20, 35, 21, 32, 22, 31, 24, 30, 33, 43, 34, 42]
Dot Bracket:
 ....(.((((((((((...((((.(.....)))[[))....)]]))))))..))).)................
73


Iteration 14


setting environment up
running sampling algorithm
beginning Burn in iterations

Centroid Structure
Length:
 19
Pairs:
 [(1, 59), (2, 58), (3, 57), (4, 56), (5, 55), (6, 54), (7, 53), (8, 50), (9, 49), (10, 48), (11, 47), (12, 46), (13, 45), (14, 44), (19, 42), (21, 32), (23, 39), (24, 29), (27, 36)]
Pairs:
 [1, 59, 2, 58, 3, 57, 4, 56, 5, 55, 6, 54, 7, 53, 8, 50, 9, 49, 10, 48, 11, 47, 12, 46, 13, 45, 14, 44, 19, 42, 21, 32, 23, 39, 24, 29, 27, 36]
Dot Bracket:
 .((((((((((((((....(.(.[[..(.]..)...)..]..).)))))))..))))))).............
73


Iteration 15


setting environment up
running sampling algorithm
beginning Burn in iterations

Centroid Structure
Length:
 20
Pairs:
 [(1, 59), (2, 58), (3, 57), (4, 56), (5, 55), (6, 54), (7, 53), (8, 52), (9, 49), (10, 48), (11, 47), (12, 46), (13, 45), (14, 44), (19, 42), (21, 43), (22, 31), (23, 41), (27, 36), (35, 40)]
Pairs:
 [1, 59, 2, 58, 3, 57, 4, 56, 5, 55, 6, 54, 7, 53, 8, 52, 9, 49, 10, 48, 11, 47, 12, 46, 13, 45, 14, 44, 19, 42, 21, 43, 22, 31, 23, 41, 27, 36, 35, 40]
Dot Bracket:
 .((((((((((((((....(.[[(...(...]...[)...]))]))))))..)))))))).............
73


Iteration 16


setting environment up
running sampling algorithm
beginning Burn in iterations

Centroid Structure
Length:
 19
Pairs:
 [(1, 59), (3, 57), (4, 56), (5, 55), (6, 54), (7, 53), (8, 50), (9, 49), (10, 48), (11, 47), (12, 46), (13, 45), (14, 44), (15, 41), (19, 36), (20, 35), (22, 33), (23, 31), (24, 30)]
Pairs:
 [1, 59, 3, 57, 4, 56, 5, 55, 6, 54, 7, 53, 8, 50, 9, 49, 10, 48, 11, 47, 12, 46, 13, 45, 14, 44, 15, 41, 19, 36, 20, 35, 22, 33, 23, 31, 24, 30]
Dot Bracket:
 .(.(((((((((((((...((.(((.....)).).))....)..)))))))..))))).).............
73


Iteration 17


setting environment up
running sampling algorithm
beginning Burn in iterations

Centroid Structure
Length:
 16
Pairs:
 [(1, 59), (2, 58), (3, 57), (4, 56), (5, 55), (6, 54), (7, 53), (8, 50), (9, 49), (10, 48), (11, 47), (12, 46), (13, 45), (14, 44), (16, 43), (23, 30)]
Pairs:
 [1, 59, 2, 58, 3, 57, 4, 56, 5, 55, 6, 54, 7, 53, 8, 50, 9, 49, 10, 48, 11, 47, 12, 46, 13, 45, 14, 44, 16, 43, 23, 30]
Dot Bracket:
 .((((((((((((((.(......(......)............))))))))..))))))).............
73


Iteration 18


setting environment up
running sampling algorithm
beginning Burn in iterations

Centroid Structure
Length:
 20
Pairs:
 [(1, 59), (4, 56), (5, 52), (6, 54), (7, 53), (8, 50), (9, 49), (10, 48), (11, 47), (12, 46), (13, 45), (14, 44), (15, 41), (19, 36), (20, 35), (21, 43), (22, 33), (23, 31), (24, 40), (30, 37)]
Pairs:
 [1, 59, 4, 56, 5, 52, 6, 54, 7, 53, 8, 50, 9, 49, 10, 48, 11, 47, 12, 46, 13, 45, 14, 44, 15, 41, 19, 36, 20, 35, 21, 43, 22, 33, 23, 31, 24, 40, 30, 37]
Dot Bracket:
 .(..(([[[[[[[[[[...[[((([.....[).).]]]..]].)]]]]]]].)]].)..).............
73


Iteration 19


setting environment up
running sampling algorithm
beginning Burn in iterations

Centroid Structure
Length:
 22
Pairs:
 [(1, 59), (2, 58), (3, 57), (4, 56), (5, 55), (6, 54), (7, 53), (8, 50), (9, 49), (10, 48), (11, 47), (12, 46), (13, 45), (14, 44), (15, 41), (20, 35), (21, 34), (22, 33), (23, 31), (24, 30), (36, 43), (37, 42)]
Pairs:
 [1, 59, 2, 58, 3, 57, 4, 56, 5, 55, 6, 54, 7, 53, 8, 50, 9, 49, 10, 48, 11, 47, 12, 46, 13, 45, 14, 44, 15, 41, 20, 35, 21, 34, 22, 33, 23, 31, 24, 30, 36, 43, 37, 42]
Dot Bracket:
 .(((((((((((((((....(((((.....)).)))[[...)]])))))))..))))))).............
73
