Iteration 0

setting environment up
running sfold binary

Sfold Executable Code for Academic Users, Version 2.2-20110126
 Running partition function and statistical sampling module... done
 (general output in /home/chris/devtree/pseudoKnot_research/output/sfold.out)
 Running structure clustering module... done
 (general output in /home/chris/devtree/pseudoKnot_research/output/sclass.out)
Process completed. See output files in '/home/chris/devtree/pseudoKnot_research/output'.

running sampling algorithm
beginning Burn in iterations

Centroid Structure
Length:
 44
Pairs:
 [(1, 96), (2, 95), (3, 94), (4, 93), (5, 92), (6, 91), (7, 90), (8, 59), (9, 58), (10, 57), (11, 28), (12, 27), (13, 26), (17, 50), (18, 49), (19, 48), (20, 47), (21, 46), (30, 39), (37, 52), (38, 51), (55, 89), (56, 88), (60, 78), (61, 77), (62, 76), (63, 75), (64, 74), (65, 73), (66, 72), (67, 71), (97, 116), (98, 115), (99, 114), (100, 113), (101, 112), (102, 111), (103, 110), (104, 109), (117, 132), (119, 130), (120, 129), (121, 128), (122, 127)]
Pairs:
 [1, 96, 2, 95, 3, 94, 4, 93, 5, 92, 6, 91, 7, 90, 8, 59, 9, 58, 10, 57, 11, 28, 12, 27, 13, 26, 17, 50, 18, 49, 19, 48, 20, 47, 21, 46, 30, 39, 37, 52, 38, 51, 55, 89, 56, 88, 60, 78, 61, 77, 62, 76, 63, 75, 64, 74, 65, 73, 66, 72, 67, 71, 97, 116, 98, 115, 99, 114, 100, 113, 101, 112, 102, 111, 103, 110, 104, 109, 117, 132, 119, 130, 120, 129, 121, 128, 122, 127]
Dot Bracket:
 .(((((((((((((...[[[[[....))).[......((]......]]]]]))..[[)))[[[[[[[[...]]]]]]]].........]])))))))[[[[[[[[....]]]]]]]][.[[[[....]]]].].
134


Iteration 1


setting environment up
running sampling algorithm
beginning Burn in iterations

Centroid Structure
Length:
 45
Pairs:
 [(1, 96), (2, 95), (3, 94), (4, 93), (5, 92), (6, 91), (7, 90), (10, 29), (11, 28), (12, 27), (13, 26), (14, 25), (15, 24), (37, 52), (38, 51), (39, 50), (40, 49), (41, 48), (42, 47), (55, 89), (56, 88), (57, 87), (58, 86), (59, 85), (60, 84), (61, 77), (62, 76), (63, 75), (64, 74), (65, 73), (66, 72), (67, 71), (97, 116), (98, 115), (99, 114), (100, 113), (101, 112), (102, 111), (103, 110), (104, 109), (117, 132), (119, 130), (120, 129), (121, 128), (122, 127)]
Pairs:
 [1, 96, 2, 95, 3, 94, 4, 93, 5, 92, 6, 91, 7, 90, 10, 29, 11, 28, 12, 27, 13, 26, 14, 25, 15, 24, 37, 52, 38, 51, 39, 50, 40, 49, 41, 48, 42, 47, 55, 89, 56, 88, 57, 87, 58, 86, 59, 85, 60, 84, 61, 77, 62, 76, 63, 75, 64, 74, 65, 73, 66, 72, 67, 71, 97, 116, 98, 115, 99, 114, 100, 113, 101, 112, 102, 111, 103, 110, 104, 109, 117, 132, 119, 130, 120, 129, 121, 128, 122, 127]
Dot Bracket:
 .(((((((..((((((........)))))).......((((((....))))))..(((((((((((((...)))))))......)))))))))))))((((((((....))))))))(.((((....)))).).
134


Iteration 2


setting environment up
running sampling algorithm
beginning Burn in iterations

Centroid Structure
Length:
 47
Pairs:
 [(1, 96), (2, 95), (3, 94), (4, 93), (5, 92), (6, 91), (7, 90), (9, 34), (10, 29), (11, 28), (12, 27), (13, 26), (14, 25), (16, 24), (17, 23), (37, 52), (38, 51), (39, 50), (40, 49), (41, 48), (42, 47), (55, 89), (56, 88), (57, 87), (58, 86), (59, 85), (60, 78), (61, 77), (62, 76), (63, 75), (64, 74), (65, 73), (66, 72), (67, 71), (98, 115), (99, 114), (100, 113), (101, 112), (102, 111), (103, 110), (104, 109), (116, 133), (117, 132), (119, 130), (120, 129), (121, 128), (122, 127)]
Pairs:
 [1, 96, 2, 95, 3, 94, 4, 93, 5, 92, 6, 91, 7, 90, 9, 34, 10, 29, 11, 28, 12, 27, 13, 26, 14, 25, 16, 24, 17, 23, 37, 52, 38, 51, 39, 50, 40, 49, 41, 48, 42, 47, 55, 89, 56, 88, 57, 87, 58, 86, 59, 85, 60, 78, 61, 77, 62, 76, 63, 75, 64, 74, 65, 73, 66, 72, 67, 71, 98, 115, 99, 114, 100, 113, 101, 112, 102, 111, 103, 110, 104, 109, 116, 133, 117, 132, 119, 130, 120, 129, 121, 128, 122, 127]
Dot Bracket:
 .(((((((.((((((.((.....)))))))....)..((((((....))))))..(((((((((((((...))))))))......)))))))))))).(((((((....)))))))((.((((....)))).))
134


Iteration 3


setting environment up
running sampling algorithm
beginning Burn in iterations

Centroid Structure
Length:
 44
Pairs:
 [(1, 96), (2, 95), (3, 94), (4, 93), (5, 92), (6, 91), (7, 90), (10, 29), (11, 28), (12, 27), (13, 26), (15, 24), (37, 52), (38, 51), (39, 50), (40, 49), (41, 48), (42, 47), (55, 89), (56, 88), (57, 87), (58, 86), (59, 85), (60, 78), (61, 77), (62, 76), (63, 75), (64, 74), (65, 73), (66, 72), (67, 71), (98, 115), (99, 114), (100, 113), (101, 112), (102, 111), (103, 110), (104, 109), (116, 133), (117, 132), (119, 130), (120, 129), (121, 128), (122, 127)]
Pairs:
 [1, 96, 2, 95, 3, 94, 4, 93, 5, 92, 6, 91, 7, 90, 10, 29, 11, 28, 12, 27, 13, 26, 15, 24, 37, 52, 38, 51, 39, 50, 40, 49, 41, 48, 42, 47, 55, 89, 56, 88, 57, 87, 58, 86, 59, 85, 60, 78, 61, 77, 62, 76, 63, 75, 64, 74, 65, 73, 66, 72, 67, 71, 98, 115, 99, 114, 100, 113, 101, 112, 102, 111, 103, 110, 104, 109, 116, 133, 117, 132, 119, 130, 120, 129, 121, 128, 122, 127]
Dot Bracket:
 .(((((((..((((.(........).)))).......((((((....))))))..(((((((((((((...))))))))......)))))))))))).(((((((....)))))))((.((((....)))).))
134


Iteration 4


setting environment up
running sampling algorithm
beginning Burn in iterations

Centroid Structure
Length:
 45
Pairs:
 [(1, 96), (2, 95), (3, 94), (4, 93), (5, 92), (6, 91), (7, 90), (10, 29), (11, 28), (12, 27), (13, 26), (14, 25), (15, 24), (37, 52), (38, 51), (39, 50), (40, 49), (41, 48), (42, 47), (55, 89), (56, 88), (57, 87), (58, 86), (59, 85), (60, 84), (61, 77), (62, 76), (63, 75), (64, 74), (65, 73), (66, 72), (67, 71), (97, 116), (98, 115), (99, 114), (100, 113), (101, 112), (102, 111), (103, 110), (104, 109), (117, 132), (119, 130), (120, 129), (121, 128), (122, 127)]
Pairs:
 [1, 96, 2, 95, 3, 94, 4, 93, 5, 92, 6, 91, 7, 90, 10, 29, 11, 28, 12, 27, 13, 26, 14, 25, 15, 24, 37, 52, 38, 51, 39, 50, 40, 49, 41, 48, 42, 47, 55, 89, 56, 88, 57, 87, 58, 86, 59, 85, 60, 84, 61, 77, 62, 76, 63, 75, 64, 74, 65, 73, 66, 72, 67, 71, 97, 116, 98, 115, 99, 114, 100, 113, 101, 112, 102, 111, 103, 110, 104, 109, 117, 132, 119, 130, 120, 129, 121, 128, 122, 127]
Dot Bracket:
 .(((((((..((((((........)))))).......((((((....))))))..(((((((((((((...)))))))......)))))))))))))((((((((....))))))))(.((((....)))).).
134


Iteration 5


setting environment up
running sampling algorithm
beginning Burn in iterations

Centroid Structure
Length:
 44
Pairs:
 [(1, 96), (2, 95), (3, 94), (4, 93), (5, 92), (6, 91), (7, 90), (10, 29), (11, 28), (12, 27), (14, 26), (15, 25), (16, 24), (17, 22), (32, 87), (37, 52), (38, 51), (39, 50), (40, 49), (41, 48), (42, 47), (55, 89), (56, 88), (58, 86), (59, 85), (60, 78), (61, 77), (62, 76), (63, 75), (64, 74), (65, 73), (66, 72), (67, 71), (97, 116), (98, 115), (99, 114), (100, 113), (101, 112), (102, 111), (103, 110), (104, 109), (119, 130), (120, 129), (121, 128)]
Pairs:
 [1, 96, 2, 95, 3, 94, 4, 93, 5, 92, 6, 91, 7, 90, 10, 29, 11, 28, 12, 27, 14, 26, 15, 25, 16, 24, 17, 22, 32, 87, 37, 52, 38, 51, 39, 50, 40, 49, 41, 48, 42, 47, 55, 89, 56, 88, 58, 86, 59, 85, 60, 78, 61, 77, 62, 76, 63, 75, 64, 74, 65, 73, 66, 72, 67, 71, 97, 116, 98, 115, 99, 114, 100, 113, 101, 112, 102, 111, 103, 110, 104, 109, 119, 130, 120, 129, 121, 128]
Dot Bracket:
 .(((((((..(((.((((....).))))))..(....((((((....))))))..[[.[[[[[[[[[[...]]]]]]]]......]])]])))))))[[[[[[[[....]]]]]]]]..[[[......]]]...
134


Iteration 6


setting environment up
running sampling algorithm
beginning Burn in iterations

Centroid Structure
Length:
 43
Pairs:
 [(1, 96), (2, 95), (3, 94), (4, 93), (5, 92), (6, 91), (7, 90), (10, 29), (11, 28), (12, 27), (13, 26), (14, 25), (17, 22), (37, 52), (38, 51), (39, 50), (40, 49), (41, 48), (42, 47), (55, 89), (56, 88), (57, 87), (58, 86), (59, 85), (60, 84), (61, 77), (62, 76), (63, 75), (64, 74), (65, 73), (67, 71), (97, 116), (98, 115), (99, 114), (100, 113), (101, 112), (102, 111), (103, 110), (104, 109), (119, 130), (120, 129), (121, 128), (122, 127)]
Pairs:
 [1, 96, 2, 95, 3, 94, 4, 93, 5, 92, 6, 91, 7, 90, 10, 29, 11, 28, 12, 27, 13, 26, 14, 25, 17, 22, 37, 52, 38, 51, 39, 50, 40, 49, 41, 48, 42, 47, 55, 89, 56, 88, 57, 87, 58, 86, 59, 85, 60, 84, 61, 77, 62, 76, 63, 75, 64, 74, 65, 73, 67, 71, 97, 116, 98, 115, 99, 114, 100, 113, 101, 112, 102, 111, 103, 110, 104, 109, 119, 130, 120, 129, 121, 128, 122, 127]
Dot Bracket:
 .(((((((..(((((..(....)..))))).......((((((....))))))..(((((((((((.(...).)))))......)))))))))))))((((((((....))))))))..((((....))))...
134


Iteration 7


setting environment up
running sampling algorithm
beginning Burn in iterations

Centroid Structure
Length:
 44
Pairs:
 [(1, 96), (2, 95), (3, 94), (4, 93), (5, 92), (6, 91), (7, 90), (10, 29), (11, 28), (12, 27), (13, 26), (14, 25), (15, 24), (37, 52), (38, 51), (39, 50), (40, 49), (41, 48), (42, 47), (55, 89), (57, 87), (58, 86), (59, 85), (60, 84), (61, 77), (62, 76), (63, 75), (64, 74), (65, 73), (66, 72), (67, 71), (97, 116), (98, 115), (99, 114), (100, 113), (101, 112), (102, 111), (103, 110), (104, 109), (117, 132), (119, 130), (120, 129), (121, 128), (122, 127)]
Pairs:
 [1, 96, 2, 95, 3, 94, 4, 93, 5, 92, 6, 91, 7, 90, 10, 29, 11, 28, 12, 27, 13, 26, 14, 25, 15, 24, 37, 52, 38, 51, 39, 50, 40, 49, 41, 48, 42, 47, 55, 89, 57, 87, 58, 86, 59, 85, 60, 84, 61, 77, 62, 76, 63, 75, 64, 74, 65, 73, 66, 72, 67, 71, 97, 116, 98, 115, 99, 114, 100, 113, 101, 112, 102, 111, 103, 110, 104, 109, 117, 132, 119, 130, 120, 129, 121, 128, 122, 127]
Dot Bracket:
 .(((((((..((((((........)))))).......((((((....))))))..(.(((((((((((...)))))))......)))).))))))))((((((((....))))))))(.((((....)))).).
134


Iteration 8


setting environment up
running sampling algorithm
beginning Burn in iterations

Centroid Structure
Length:
 44
Pairs:
 [(1, 96), (2, 95), (3, 94), (4, 93), (5, 92), (6, 91), (7, 90), (10, 29), (11, 28), (12, 27), (13, 26), (14, 25), (15, 24), (37, 52), (38, 51), (39, 50), (40, 49), (41, 48), (42, 47), (55, 89), (56, 88), (57, 87), (58, 86), (59, 85), (60, 84), (61, 77), (62, 76), (63, 75), (64, 74), (65, 73), (66, 72), (67, 71), (97, 116), (98, 115), (99, 114), (100, 113), (101, 112), (102, 111), (103, 110), (104, 109), (119, 130), (120, 129), (121, 128), (122, 127)]
Pairs:
 [1, 96, 2, 95, 3, 94, 4, 93, 5, 92, 6, 91, 7, 90, 10, 29, 11, 28, 12, 27, 13, 26, 14, 25, 15, 24, 37, 52, 38, 51, 39, 50, 40, 49, 41, 48, 42, 47, 55, 89, 56, 88, 57, 87, 58, 86, 59, 85, 60, 84, 61, 77, 62, 76, 63, 75, 64, 74, 65, 73, 66, 72, 67, 71, 97, 116, 98, 115, 99, 114, 100, 113, 101, 112, 102, 111, 103, 110, 104, 109, 119, 130, 120, 129, 121, 128, 122, 127]
Dot Bracket:
 .(((((((..((((((........)))))).......((((((....))))))..(((((((((((((...)))))))......)))))))))))))((((((((....))))))))..((((....))))...
134


Iteration 9


setting environment up
running sampling algorithm
beginning Burn in iterations

Centroid Structure
Length:
 43
Pairs:
 [(1, 96), (2, 95), (3, 94), (4, 93), (5, 92), (6, 91), (7, 90), (8, 59), (10, 57), (12, 27), (13, 26), (14, 25), (15, 24), (17, 22), (18, 49), (19, 48), (20, 47), (21, 46), (37, 52), (38, 51), (39, 50), (56, 88), (58, 86), (60, 84), (61, 77), (62, 76), (63, 75), (64, 74), (65, 73), (66, 72), (67, 71), (97, 116), (98, 115), (99, 114), (100, 113), (101, 112), (102, 111), (103, 110), (104, 109), (119, 130), (120, 129), (121, 128), (122, 127)]
Pairs:
 [1, 96, 2, 95, 3, 94, 4, 93, 5, 92, 6, 91, 7, 90, 8, 59, 10, 57, 12, 27, 13, 26, 14, 25, 15, 24, 17, 22, 18, 49, 19, 48, 20, 47, 21, 46, 37, 52, 38, 51, 39, 50, 56, 88, 58, 86, 60, 84, 61, 77, 62, 76, 63, 75, 64, 74, 65, 73, 66, 72, 67, 71, 97, 116, 98, 115, 99, 114, 100, 113, 101, 112, 102, 111, 103, 110, 104, 109, 119, 130, 120, 129, 121, 128, 122, 127]
Dot Bracket:
 .((((((((.(.((((.([[[[).)))).........(((......]]]])))...[)[)[[[[[[[[...]]]]]]]......].].].)))))))[[[[[[[[....]]]]]]]]..[[[[....]]]]...
134


Iteration 10


setting environment up
running sampling algorithm
beginning Burn in iterations

Centroid Structure
Length:
 44
Pairs:
 [(1, 96), (2, 95), (3, 94), (4, 93), (5, 92), (6, 91), (7, 90), (10, 29), (11, 28), (12, 27), (13, 26), (14, 25), (15, 24), (37, 52), (38, 51), (39, 50), (40, 49), (41, 48), (42, 47), (55, 89), (56, 88), (57, 87), (58, 86), (59, 85), (60, 78), (61, 77), (62, 76), (63, 75), (64, 74), (65, 73), (66, 72), (67, 71), (97, 116), (98, 115), (99, 114), (100, 113), (101, 112), (102, 111), (103, 110), (104, 109), (119, 130), (120, 129), (121, 128), (122, 127)]
Pairs:
 [1, 96, 2, 95, 3, 94, 4, 93, 5, 92, 6, 91, 7, 90, 10, 29, 11, 28, 12, 27, 13, 26, 14, 25, 15, 24, 37, 52, 38, 51, 39, 50, 40, 49, 41, 48, 42, 47, 55, 89, 56, 88, 57, 87, 58, 86, 59, 85, 60, 78, 61, 77, 62, 76, 63, 75, 64, 74, 65, 73, 66, 72, 67, 71, 97, 116, 98, 115, 99, 114, 100, 113, 101, 112, 102, 111, 103, 110, 104, 109, 119, 130, 120, 129, 121, 128, 122, 127]
Dot Bracket:
 .(((((((..((((((........)))))).......((((((....))))))..(((((((((((((...))))))))......))))))))))))((((((((....))))))))..((((....))))...
134


Iteration 11


setting environment up
running sampling algorithm
beginning Burn in iterations

Centroid Structure
Length:
 44
Pairs:
 [(1, 96), (2, 95), (3, 94), (4, 93), (5, 92), (6, 91), (7, 90), (10, 29), (11, 28), (12, 27), (13, 26), (14, 25), (16, 24), (17, 23), (37, 52), (38, 51), (39, 50), (40, 49), (41, 48), (42, 47), (55, 89), (56, 88), (57, 87), (58, 86), (59, 85), (60, 78), (61, 77), (62, 76), (63, 75), (64, 74), (65, 73), (97, 116), (98, 115), (99, 114), (100, 113), (101, 112), (102, 111), (103, 110), (104, 109), (117, 131), (119, 130), (120, 129), (121, 128), (122, 127)]
Pairs:
 [1, 96, 2, 95, 3, 94, 4, 93, 5, 92, 6, 91, 7, 90, 10, 29, 11, 28, 12, 27, 13, 26, 14, 25, 16, 24, 17, 23, 37, 52, 38, 51, 39, 50, 40, 49, 41, 48, 42, 47, 55, 89, 56, 88, 57, 87, 58, 86, 59, 85, 60, 78, 61, 77, 62, 76, 63, 75, 64, 74, 65, 73, 97, 116, 98, 115, 99, 114, 100, 113, 101, 112, 102, 111, 103, 110, 104, 109, 117, 131, 119, 130, 120, 129, 121, 128, 122, 127]
Dot Bracket:
 .(((((((..(((((.((.....))))))).......((((((....))))))..(((((((((((.......))))))......))))))))))))((((((((....))))))))(.((((....)))))..
134


Iteration 12


setting environment up
running sampling algorithm
beginning Burn in iterations

Centroid Structure
Length:
 43
Pairs:
 [(1, 96), (2, 95), (3, 94), (4, 93), (5, 92), (6, 91), (7, 90), (10, 21), (11, 28), (12, 27), (13, 26), (14, 25), (37, 52), (38, 51), (39, 50), (40, 49), (41, 48), (42, 47), (55, 89), (56, 88), (57, 87), (58, 86), (59, 85), (60, 78), (61, 77), (62, 76), (63, 75), (64, 74), (65, 73), (66, 72), (67, 71), (97, 116), (98, 115), (99, 114), (100, 113), (101, 112), (102, 111), (103, 110), (104, 109), (119, 130), (120, 129), (121, 128), (122, 127)]
Pairs:
 [1, 96, 2, 95, 3, 94, 4, 93, 5, 92, 6, 91, 7, 90, 10, 21, 11, 28, 12, 27, 13, 26, 14, 25, 37, 52, 38, 51, 39, 50, 40, 49, 41, 48, 42, 47, 55, 89, 56, 88, 57, 87, 58, 86, 59, 85, 60, 78, 61, 77, 62, 76, 63, 75, 64, 74, 65, 73, 66, 72, 67, 71, 97, 116, 98, 115, 99, 114, 100, 113, 101, 112, 102, 111, 103, 110, 104, 109, 119, 130, 120, 129, 121, 128, 122, 127]
Dot Bracket:
 .(((((((..([[[[......)...]]]]........[[[[[[....]]]]]]..[[[[[[[[[[[[[...]]]]]]]]......]]]]])))))))[[[[[[[[....]]]]]]]]..[[[[....]]]]...
134


Iteration 13


setting environment up
running sampling algorithm
beginning Burn in iterations

Centroid Structure
Length:
 45
Pairs:
 [(1, 96), (2, 95), (3, 94), (4, 93), (5, 92), (6, 91), (7, 90), (10, 29), (11, 21), (12, 20), (13, 26), (15, 24), (23, 53), (31, 48), (33, 57), (35, 44), (36, 54), (37, 42), (38, 51), (39, 50), (40, 49), (55, 89), (56, 88), (58, 86), (59, 85), (60, 84), (61, 77), (62, 76), (63, 75), (64, 74), (65, 73), (66, 72), (67, 71), (97, 116), (98, 115), (99, 114), (100, 113), (101, 112), (102, 111), (103, 110), (104, 109), (119, 130), (120, 129), (121, 128), (122, 127)]
Pairs:
 [1, 96, 2, 95, 3, 94, 4, 93, 5, 92, 6, 91, 7, 90, 10, 29, 11, 21, 12, 20, 13, 26, 15, 24, 23, 53, 31, 48, 33, 57, 35, 44, 36, 54, 37, 42, 38, 51, 39, 50, 40, 49, 55, 89, 56, 88, 58, 86, 59, 85, 60, 84, 61, 77, 62, 76, 63, 75, 64, 74, 65, 73, 66, 72, 67, 71, 97, 116, 98, 115, 99, 114, 100, 113, 101, 112, 102, 111, 103, 110, 104, 109, 119, 130, 120, 129, 121, 128, 122, 127]
Dot Bracket:
 .(((((((..((([.[....)).(].]..).(.[.[(([[[.).]...)]]].))((]((((((((((...)))))))......))).)))))))))((((((((....))))))))..((((....))))...
134


Iteration 14


setting environment up
running sampling algorithm
beginning Burn in iterations

Centroid Structure
Length:
 45
Pairs:
 [(1, 96), (2, 95), (3, 94), (4, 93), (5, 92), (6, 91), (7, 90), (10, 29), (11, 28), (12, 27), (13, 26), (14, 25), (15, 24), (37, 52), (38, 51), (39, 50), (40, 49), (41, 48), (42, 47), (55, 89), (56, 88), (57, 87), (58, 86), (59, 85), (60, 78), (61, 77), (62, 76), (63, 75), (64, 74), (65, 73), (66, 72), (67, 71), (97, 116), (98, 115), (99, 114), (100, 113), (101, 112), (102, 111), (103, 110), (104, 109), (117, 132), (119, 130), (120, 129), (121, 128), (122, 127)]
Pairs:
 [1, 96, 2, 95, 3, 94, 4, 93, 5, 92, 6, 91, 7, 90, 10, 29, 11, 28, 12, 27, 13, 26, 14, 25, 15, 24, 37, 52, 38, 51, 39, 50, 40, 49, 41, 48, 42, 47, 55, 89, 56, 88, 57, 87, 58, 86, 59, 85, 60, 78, 61, 77, 62, 76, 63, 75, 64, 74, 65, 73, 66, 72, 67, 71, 97, 116, 98, 115, 99, 114, 100, 113, 101, 112, 102, 111, 103, 110, 104, 109, 117, 132, 119, 130, 120, 129, 121, 128, 122, 127]
Dot Bracket:
 .(((((((..((((((........)))))).......((((((....))))))..(((((((((((((...))))))))......))))))))))))((((((((....))))))))(.((((....)))).).
134


Iteration 15


setting environment up
running sampling algorithm
beginning Burn in iterations

Centroid Structure
Length:
 43
Pairs:
 [(1, 96), (2, 95), (3, 94), (4, 93), (5, 92), (6, 91), (7, 90), (10, 29), (11, 28), (12, 27), (13, 26), (14, 25), (37, 52), (38, 51), (39, 50), (40, 49), (41, 48), (42, 47), (55, 89), (56, 88), (57, 87), (58, 86), (59, 85), (60, 84), (61, 77), (62, 76), (63, 75), (64, 74), (65, 73), (66, 72), (67, 71), (97, 116), (98, 115), (99, 114), (100, 113), (101, 112), (102, 111), (103, 110), (104, 109), (119, 130), (120, 129), (121, 128), (122, 127)]
Pairs:
 [1, 96, 2, 95, 3, 94, 4, 93, 5, 92, 6, 91, 7, 90, 10, 29, 11, 28, 12, 27, 13, 26, 14, 25, 37, 52, 38, 51, 39, 50, 40, 49, 41, 48, 42, 47, 55, 89, 56, 88, 57, 87, 58, 86, 59, 85, 60, 84, 61, 77, 62, 76, 63, 75, 64, 74, 65, 73, 66, 72, 67, 71, 97, 116, 98, 115, 99, 114, 100, 113, 101, 112, 102, 111, 103, 110, 104, 109, 119, 130, 120, 129, 121, 128, 122, 127]
Dot Bracket:
 .(((((((..(((((..........))))).......((((((....))))))..(((((((((((((...)))))))......)))))))))))))((((((((....))))))))..((((....))))...
134


Iteration 16


setting environment up
running sampling algorithm
beginning Burn in iterations

Centroid Structure
Length:
 43
Pairs:
 [(1, 96), (2, 95), (3, 94), (4, 93), (5, 92), (6, 91), (7, 90), (9, 58), (10, 57), (17, 50), (18, 49), (19, 48), (20, 47), (21, 46), (24, 42), (25, 41), (30, 39), (31, 38), (32, 37), (55, 89), (56, 88), (59, 85), (60, 78), (61, 77), (62, 76), (63, 75), (64, 74), (65, 73), (66, 72), (67, 71), (97, 116), (98, 115), (99, 114), (100, 113), (101, 112), (102, 111), (103, 110), (104, 109), (117, 132), (119, 130), (120, 129), (121, 128), (122, 127)]
Pairs:
 [1, 96, 2, 95, 3, 94, 4, 93, 5, 92, 6, 91, 7, 90, 9, 58, 10, 57, 17, 50, 18, 49, 19, 48, 20, 47, 21, 46, 24, 42, 25, 41, 30, 39, 31, 38, 32, 37, 55, 89, 56, 88, 59, 85, 60, 78, 61, 77, 62, 76, 63, 75, 64, 74, 65, 73, 66, 72, 67, 71, 97, 116, 98, 115, 99, 114, 100, 113, 101, 112, 102, 111, 103, 110, 104, 109, 117, 132, 119, 130, 120, 129, 121, 128, 122, 127]
Dot Bracket:
 .(((((((.((......(((((..((....(((....))).))...)))))....[[))[[[[[[[[[...]]]]]]]]......]..]])))))))[[[[[[[[....]]]]]]]][.[[[[....]]]].].
134


Iteration 17


setting environment up
running sampling algorithm
beginning Burn in iterations

Centroid Structure
Length:
 43
Pairs:
 [(1, 96), (2, 95), (3, 94), (4, 93), (5, 92), (6, 91), (7, 90), (8, 59), (10, 29), (12, 27), (13, 26), (14, 25), (15, 24), (20, 47), (21, 46), (32, 37), (38, 51), (39, 50), (40, 49), (41, 48), (56, 88), (57, 87), (58, 86), (60, 78), (61, 77), (62, 76), (63, 75), (64, 74), (65, 73), (66, 72), (67, 71), (97, 116), (98, 115), (99, 114), (100, 113), (101, 112), (102, 111), (103, 110), (104, 109), (119, 130), (120, 129), (121, 128), (122, 127)]
Pairs:
 [1, 96, 2, 95, 3, 94, 4, 93, 5, 92, 6, 91, 7, 90, 8, 59, 10, 29, 12, 27, 13, 26, 14, 25, 15, 24, 20, 47, 21, 46, 32, 37, 38, 51, 39, 50, 40, 49, 41, 48, 56, 88, 57, 87, 58, 86, 60, 78, 61, 77, 62, 76, 63, 75, 64, 74, 65, 73, 66, 72, 67, 71, 97, 116, 98, 115, 99, 114, 100, 113, 101, 112, 102, 111, 103, 110, 104, 109, 119, 130, 120, 129, 121, 128, 122, 127]
Dot Bracket:
 .((((((((.(.((((....[[..)))).)..[....]((((....]]))))....[[[)[[[[[[[[...]]]]]]]].......]]].)))))))[[[[[[[[....]]]]]]]]..[[[[....]]]]...
134


Iteration 18


setting environment up
running sampling algorithm
beginning Burn in iterations

Centroid Structure
Length:
 43
Pairs:
 [(2, 95), (3, 94), (4, 93), (5, 92), (6, 91), (7, 90), (11, 20), (12, 19), (24, 52), (25, 51), (27, 49), (29, 46), (32, 37), (39, 50), (41, 48), (42, 47), (55, 89), (56, 88), (57, 87), (58, 86), (59, 85), (60, 78), (61, 77), (62, 76), (63, 75), (64, 74), (65, 73), (66, 72), (67, 71), (96, 117), (97, 116), (98, 115), (99, 114), (100, 113), (101, 112), (102, 111), (103, 110), (104, 109), (119, 130), (120, 129), (121, 128), (126, 132), (127, 131)]
Pairs:
 [2, 95, 3, 94, 4, 93, 5, 92, 6, 91, 7, 90, 11, 20, 12, 19, 24, 52, 25, 51, 27, 49, 29, 46, 32, 37, 39, 50, 41, 48, 42, 47, 55, 89, 56, 88, 57, 87, 58, 86, 59, 85, 60, 78, 61, 77, 62, 76, 63, 75, 64, 74, 65, 73, 66, 72, 67, 71, 96, 117, 97, 116, 98, 115, 99, 114, 100, 113, 101, 112, 102, 111, 103, 110, 104, 109, 119, 130, 120, 129, 121, 128, 126, 132, 127, 131]
Dot Bracket:
 ..((((((...((......))...((.(.(..(....).[.[[...)]])]))..[[[[[[[[[[[[[...]]]]]]]]......]]]]]))))))[[[[[[[[[....]]]]]]]]].[[[....((]]])).
134


Iteration 19


setting environment up
running sampling algorithm
beginning Burn in iterations

Centroid Structure
Length:
 42
Pairs:
 [(1, 96), (2, 95), (3, 94), (4, 93), (5, 92), (6, 91), (7, 90), (10, 29), (11, 28), (12, 27), (13, 26), (14, 25), (15, 24), (37, 52), (38, 51), (39, 50), (40, 49), (41, 48), (42, 47), (55, 89), (56, 88), (57, 87), (58, 86), (59, 85), (61, 77), (62, 76), (63, 75), (64, 74), (65, 73), (66, 72), (67, 71), (98, 115), (99, 114), (100, 113), (101, 112), (102, 111), (103, 110), (104, 109), (119, 130), (120, 129), (121, 128), (122, 127)]
Pairs:
 [1, 96, 2, 95, 3, 94, 4, 93, 5, 92, 6, 91, 7, 90, 10, 29, 11, 28, 12, 27, 13, 26, 14, 25, 15, 24, 37, 52, 38, 51, 39, 50, 40, 49, 41, 48, 42, 47, 55, 89, 56, 88, 57, 87, 58, 86, 59, 85, 61, 77, 62, 76, 63, 75, 64, 74, 65, 73, 66, 72, 67, 71, 98, 115, 99, 114, 100, 113, 101, 112, 102, 111, 103, 110, 104, 109, 119, 130, 120, 129, 121, 128, 122, 127]
Dot Bracket:
 .(((((((..((((((........)))))).......((((((....))))))..(((((.(((((((...))))))).......)))))))))))).(((((((....)))))))...((((....))))...
134
