Iteration 0

setting environment up
running sfold binary

Sfold Executable Code for Academic Users, Version 2.2-20110126
 Running partition function and statistical sampling module... done
 (general output in /home/chris/devtree/pseudoKnot_research/output/sfold.out)
 Running structure clustering module... done
 (general output in /home/chris/devtree/pseudoKnot_research/output/sclass.out)
Process completed. See output files in '/home/chris/devtree/pseudoKnot_research/output'.

running sampling algorithm
beginning Burn in iterations

Centroid Structure
Length:
 24
Pairs:
 [(0, 68), (1, 67), (2, 66), (3, 65), (4, 64), (7, 60), (8, 59), (9, 58), (10, 57), (11, 54), (12, 53), (13, 52), (15, 50), (17, 48), (18, 47), (19, 46), (20, 45), (21, 44), (22, 43), (24, 41), (25, 40), (28, 38), (29, 37), (30, 36)]
Pairs:
 [0, 68, 1, 67, 2, 66, 3, 65, 4, 64, 7, 60, 8, 59, 9, 58, 10, 57, 11, 54, 12, 53, 13, 52, 15, 50, 17, 48, 18, 47, 19, 46, 20, 45, 21, 44, 22, 43, 24, 41, 25, 40, 28, 38, 29, 37, 30, 36]
Dot Bracket:
 (((((..(((((((.(.((((((.((..(((.....))).)).)))))).).)))..))))...)))))
69


Iteration 1


setting environment up
running sampling algorithm
beginning Burn in iterations

Centroid Structure
Length:
 24
Pairs:
 [(0, 68), (1, 67), (2, 66), (3, 65), (4, 64), (7, 60), (8, 59), (9, 58), (11, 54), (12, 53), (13, 56), (14, 55), (15, 50), (18, 47), (19, 46), (20, 45), (21, 44), (22, 43), (24, 41), (25, 40), (28, 38), (29, 37), (30, 36), (31, 35)]
Pairs:
 [0, 68, 1, 67, 2, 66, 3, 65, 4, 64, 7, 60, 8, 59, 9, 58, 11, 54, 12, 53, 13, 56, 14, 55, 15, 50, 18, 47, 19, 46, 20, 45, 21, 44, 22, 43, 24, 41, 25, 40, 28, 38, 29, 37, 30, 36, 31, 35]
Dot Bracket:
 (((((..(((.(([[[..[[[[[.[[..[[[[...]]]].]].]]]]]..]..))]].)))...)))))
69


Iteration 2


setting environment up
running sampling algorithm
beginning Burn in iterations

Centroid Structure
Length:
 22
Pairs:
 [(0, 68), (1, 67), (2, 66), (3, 65), (4, 64), (8, 59), (9, 58), (10, 57), (11, 54), (12, 53), (15, 50), (18, 47), (19, 46), (20, 45), (21, 44), (22, 43), (26, 41), (27, 40), (28, 38), (29, 37), (30, 36), (31, 35)]
Pairs:
 [0, 68, 1, 67, 2, 66, 3, 65, 4, 64, 8, 59, 9, 58, 10, 57, 11, 54, 12, 53, 15, 50, 18, 47, 19, 46, 20, 45, 21, 44, 22, 43, 26, 41, 27, 40, 28, 38, 29, 37, 30, 36, 31, 35]
Dot Bracket:
 (((((...(((((..(..(((((...((((((...)))).)).)))))..)..))..)))....)))))
69


Iteration 3


setting environment up
running sampling algorithm
beginning Burn in iterations

Centroid Structure
Length:
 27
Pairs:
 [(0, 68), (1, 67), (2, 66), (3, 65), (4, 64), (7, 60), (8, 59), (9, 58), (10, 57), (11, 54), (12, 53), (13, 52), (14, 51), (15, 50), (17, 48), (18, 47), (19, 46), (20, 45), (21, 44), (22, 43), (24, 42), (26, 41), (27, 40), (28, 39), (29, 37), (30, 36), (31, 35)]
Pairs:
 [0, 68, 1, 67, 2, 66, 3, 65, 4, 64, 7, 60, 8, 59, 9, 58, 10, 57, 11, 54, 12, 53, 13, 52, 14, 51, 15, 50, 17, 48, 18, 47, 19, 46, 20, 45, 21, 44, 22, 43, 24, 42, 26, 41, 27, 40, 28, 39, 29, 37, 30, 36, 31, 35]
Dot Bracket:
 (((((..(((((((((.((((((.(.((((((...))).)))))))))).)))))..))))...)))))
69


Iteration 4


setting environment up
running sampling algorithm
beginning Burn in iterations

Centroid Structure
Length:
 21
Pairs:
 [(0, 68), (1, 59), (2, 55), (3, 65), (4, 53), (6, 51), (7, 50), (8, 56), (10, 54), (12, 52), (17, 48), (18, 47), (19, 46), (20, 45), (21, 44), (22, 43), (24, 41), (25, 40), (28, 38), (29, 37), (30, 36)]
Pairs:
 [0, 68, 1, 59, 2, 55, 3, 65, 4, 53, 6, 51, 7, 50, 8, 56, 10, 54, 12, 52, 17, 48, 18, 47, 19, 46, 20, 45, 21, 44, 22, 43, 24, 41, 25, 40, 28, 38, 29, 37, 30, 36]
Dot Bracket:
 ((([[.[[(.(.(....((((((.((..(((.....))).)).)))))).]])])))..).....]..)
69


Iteration 5


setting environment up
running sampling algorithm
beginning Burn in iterations

Centroid Structure
Length:
 23
Pairs:
 [(0, 68), (1, 67), (2, 66), (3, 65), (4, 64), (5, 59), (7, 57), (8, 56), (9, 55), (10, 54), (12, 52), (13, 51), (17, 48), (18, 47), (19, 46), (20, 45), (21, 44), (22, 43), (25, 40), (26, 41), (28, 39), (29, 37), (30, 36)]
Pairs:
 [0, 68, 1, 67, 2, 66, 3, 65, 4, 64, 5, 59, 7, 57, 8, 56, 9, 55, 10, 54, 12, 52, 13, 51, 17, 48, 18, 47, 19, 46, 20, 45, 21, 44, 22, 43, 25, 40, 26, 41, 28, 39, 29, 37, 30, 36]
Dot Bracket:
 ((((((.((((.((...((((((..([.[[[.....]].])].))))))..)).)))).)....)))))
69


Iteration 6


setting environment up
running sampling algorithm
beginning Burn in iterations

Centroid Structure
Length:
 25
Pairs:
 [(0, 68), (1, 67), (2, 66), (3, 65), (4, 64), (7, 60), (8, 59), (9, 58), (10, 57), (11, 54), (12, 55), (13, 53), (14, 51), (15, 50), (17, 48), (18, 47), (19, 46), (20, 45), (21, 44), (22, 43), (24, 42), (25, 40), (28, 38), (29, 37), (30, 36)]
Pairs:
 [0, 68, 1, 67, 2, 66, 3, 65, 4, 64, 7, 60, 8, 59, 9, 58, 10, 57, 11, 54, 12, 55, 13, 53, 14, 51, 15, 50, 17, 48, 18, 47, 19, 46, 20, 45, 21, 44, 22, 43, 24, 42, 25, 40, 28, 38, 29, 37, 30, 36]
Dot Bracket:
 (((((..((((([[[[.[[[[[[.[[..[[[.....]]].].]]]]]]].]].])].))))...)))))
69


Iteration 7


setting environment up
running sampling algorithm
beginning Burn in iterations

Centroid Structure
Length:
 24
Pairs:
 [(0, 68), (1, 67), (2, 66), (3, 65), (4, 64), (8, 59), (9, 58), (11, 54), (12, 53), (13, 52), (14, 51), (15, 50), (17, 48), (18, 47), (19, 46), (20, 45), (21, 44), (22, 43), (24, 41), (25, 40), (28, 38), (29, 37), (30, 36), (31, 35)]
Pairs:
 [0, 68, 1, 67, 2, 66, 3, 65, 4, 64, 8, 59, 9, 58, 11, 54, 12, 53, 13, 52, 14, 51, 15, 50, 17, 48, 18, 47, 19, 46, 20, 45, 21, 44, 22, 43, 24, 41, 25, 40, 28, 38, 29, 37, 30, 36, 31, 35]
Dot Bracket:
 (((((...((.(((((.((((((.((..((((...)))).)).)))))).)))))...))....)))))
69


Iteration 8


setting environment up
running sampling algorithm
beginning Burn in iterations

Centroid Structure
Length:
 17
Pairs:
 [(0, 68), (1, 67), (3, 65), (5, 52), (6, 51), (15, 50), (17, 48), (18, 47), (19, 46), (20, 45), (21, 44), (22, 43), (26, 41), (27, 40), (28, 38), (29, 37), (30, 36)]
Pairs:
 [0, 68, 1, 67, 3, 65, 5, 52, 6, 51, 15, 50, 17, 48, 18, 47, 19, 46, 20, 45, 21, 44, 22, 43, 26, 41, 27, 40, 28, 38, 29, 37, 30, 36]
Dot Bracket:
 ((.(.((........(.((((((...(((((.....))).)).)))))).)))............).))
69


Iteration 9


setting environment up
running sampling algorithm
beginning Burn in iterations

Centroid Structure
Length:
 25
Pairs:
 [(0, 68), (1, 67), (2, 66), (3, 65), (4, 64), (9, 58), (10, 57), (11, 54), (12, 53), (13, 52), (14, 51), (15, 50), (17, 48), (18, 47), (19, 46), (20, 45), (21, 44), (22, 43), (26, 41), (27, 40), (28, 39), (29, 37), (30, 36), (55, 63), (56, 62)]
Pairs:
 [0, 68, 1, 67, 2, 66, 3, 65, 4, 64, 9, 58, 10, 57, 11, 54, 12, 53, 13, 52, 14, 51, 15, 50, 17, 48, 18, 47, 19, 46, 20, 45, 21, 44, 22, 43, 26, 41, 27, 40, 28, 39, 29, 37, 30, 36, 55, 63, 56, 62]
Dot Bracket:
 (((((....(((((((.((((((...(((((.....)).))).)))))).)))))[[))...]])))))
69


Iteration 10


setting environment up
running sampling algorithm
beginning Burn in iterations

Centroid Structure
Length:
 22
Pairs:
 [(1, 67), (2, 66), (3, 65), (4, 64), (7, 61), (8, 59), (9, 58), (10, 57), (12, 53), (13, 52), (17, 48), (18, 47), (19, 46), (20, 45), (21, 44), (22, 43), (24, 41), (25, 40), (28, 39), (29, 37), (30, 36), (31, 35)]
Pairs:
 [1, 67, 2, 66, 3, 65, 4, 64, 7, 61, 8, 59, 9, 58, 10, 57, 12, 53, 13, 52, 17, 48, 18, 47, 19, 46, 20, 45, 21, 44, 22, 43, 24, 41, 25, 40, 28, 39, 29, 37, 30, 36, 31, 35]
Dot Bracket:
 .((((..((((.((...((((((.((..((((...))).))).))))))...))...))).)..)))).
69


Iteration 11


setting environment up
running sampling algorithm
beginning Burn in iterations

Centroid Structure
Length:
 19
Pairs:
 [(0, 68), (1, 67), (2, 66), (3, 65), (4, 64), (7, 60), (9, 58), (10, 57), (17, 48), (18, 47), (19, 46), (20, 45), (21, 44), (22, 43), (27, 40), (28, 38), (29, 37), (30, 36), (31, 35)]
Pairs:
 [0, 68, 1, 67, 2, 66, 3, 65, 4, 64, 7, 60, 9, 58, 10, 57, 17, 48, 18, 47, 19, 46, 20, 45, 21, 44, 22, 43, 27, 40, 28, 38, 29, 37, 30, 36, 31, 35]
Dot Bracket:
 (((((..(.((......((((((....(((((...)))).)..))))))........)).)...)))))
69


Iteration 12


setting environment up
running sampling algorithm
beginning Burn in iterations

Centroid Structure
Length:
 23
Pairs:
 [(0, 68), (1, 67), (2, 66), (3, 65), (4, 64), (7, 61), (8, 59), (9, 58), (11, 54), (12, 53), (15, 50), (17, 48), (18, 47), (19, 46), (20, 45), (21, 44), (22, 43), (24, 41), (26, 35), (27, 34), (28, 38), (29, 37), (30, 36)]
Pairs:
 [0, 68, 1, 67, 2, 66, 3, 65, 4, 64, 7, 61, 8, 59, 9, 58, 11, 54, 12, 53, 15, 50, 17, 48, 18, 47, 19, 46, 20, 45, 21, 44, 22, 43, 24, 41, 26, 35, 27, 34, 28, 38, 29, 37, 30, 36]
Dot Bracket:
 (((((..(((.((..(.((((((.(.(([[[...))]]]..).)))))).)..))...)).)..)))))
69


Iteration 13


setting environment up
running sampling algorithm
beginning Burn in iterations

Centroid Structure
Length:
 23
Pairs:
 [(0, 68), (1, 67), (2, 66), (3, 65), (4, 64), (8, 59), (9, 58), (10, 57), (11, 54), (12, 53), (13, 52), (14, 51), (15, 50), (17, 48), (18, 47), (19, 46), (20, 45), (21, 44), (22, 43), (26, 41), (28, 39), (29, 37), (30, 36)]
Pairs:
 [0, 68, 1, 67, 2, 66, 3, 65, 4, 64, 8, 59, 9, 58, 10, 57, 11, 54, 12, 53, 13, 52, 14, 51, 15, 50, 17, 48, 18, 47, 19, 46, 20, 45, 21, 44, 22, 43, 26, 41, 28, 39, 29, 37, 30, 36]
Dot Bracket:
 (((((...((((((((.((((((...(.(((.....)).).).)))))).)))))..)))....)))))
69


Iteration 14


setting environment up
running sampling algorithm
beginning Burn in iterations

Centroid Structure
Length:
 18
Pairs:
 [(0, 68), (1, 67), (2, 66), (3, 65), (4, 64), (9, 55), (11, 54), (12, 53), (15, 50), (17, 48), (18, 47), (19, 46), (20, 45), (21, 44), (22, 43), (28, 38), (29, 37), (30, 36)]
Pairs:
 [0, 68, 1, 67, 2, 66, 3, 65, 4, 64, 9, 55, 11, 54, 12, 53, 15, 50, 17, 48, 18, 47, 19, 46, 20, 45, 21, 44, 22, 43, 28, 38, 29, 37, 30, 36]
Dot Bracket:
 (((((....(.((..(.((((((.....(((.....)))....)))))).)..)))........)))))
69


Iteration 15


setting environment up
running sampling algorithm
beginning Burn in iterations

Centroid Structure
Length:
 19
Pairs:
 [(2, 66), (4, 64), (11, 54), (12, 53), (13, 67), (15, 65), (17, 63), (18, 47), (19, 46), (22, 43), (24, 55), (26, 52), (27, 40), (28, 38), (29, 37), (30, 48), (34, 45), (35, 44), (56, 62)]
Pairs:
 [2, 66, 4, 64, 11, 54, 12, 53, 13, 67, 15, 65, 17, 63, 18, 47, 19, 46, 22, 43, 24, 55, 26, 52, 27, 40, 28, 38, 29, 37, 30, 48, 34, 45, 35, 44, 56, 62]
Dot Bracket:
 ..(.(......(([.[.[[[..[.(.(((([...[[.)).)..]]]]]]...))))(.....)])])].
69


Iteration 16


setting environment up
running sampling algorithm
beginning Burn in iterations

Centroid Structure
Length:
 23
Pairs:
 [(0, 68), (1, 67), (2, 66), (3, 65), (4, 64), (7, 60), (8, 59), (9, 58), (11, 54), (12, 53), (13, 52), (15, 50), (17, 48), (18, 47), (19, 46), (20, 45), (21, 44), (22, 43), (24, 41), (28, 38), (29, 37), (30, 36), (31, 35)]
Pairs:
 [0, 68, 1, 67, 2, 66, 3, 65, 4, 64, 7, 60, 8, 59, 9, 58, 11, 54, 12, 53, 13, 52, 15, 50, 17, 48, 18, 47, 19, 46, 20, 45, 21, 44, 22, 43, 24, 41, 28, 38, 29, 37, 30, 36, 31, 35]
Dot Bracket:
 (((((..(((.(((.(.((((((.(...((((...))))..).)))))).).)))...)))...)))))
69


Iteration 17


setting environment up
running sampling algorithm
beginning Burn in iterations

Centroid Structure
Length:
 17
Pairs:
 [(7, 61), (11, 54), (13, 67), (14, 66), (15, 50), (16, 64), (18, 62), (19, 46), (20, 60), (21, 44), (22, 43), (24, 41), (25, 37), (29, 51), (31, 49), (32, 48), (34, 45)]
Pairs:
 [7, 61, 11, 54, 13, 67, 14, 66, 15, 50, 16, 64, 18, 62, 19, 46, 20, 60, 21, 44, 22, 43, 24, 41, 25, 37, 29, 51, 31, 49, 32, 48, 34, 45]
Dot Bracket:
 .......(...(.[[[(.[([((.((...[.[[.[..)...).))]).]]]]..).....])].).]].
69


Iteration 18


setting environment up
running sampling algorithm
beginning Burn in iterations

Centroid Structure
Length:
 24
Pairs:
 [(0, 68), (1, 67), (2, 66), (3, 65), (8, 59), (9, 58), (13, 52), (14, 51), (15, 50), (17, 48), (18, 47), (19, 46), (20, 45), (21, 44), (22, 43), (24, 41), (25, 40), (28, 38), (29, 37), (30, 36), (31, 35), (54, 64), (55, 63), (56, 62)]
Pairs:
 [0, 68, 1, 67, 2, 66, 3, 65, 8, 59, 9, 58, 13, 52, 14, 51, 15, 50, 17, 48, 18, 47, 19, 46, 20, 45, 21, 44, 22, 43, 24, 41, 25, 40, 28, 38, 29, 37, 30, 36, 31, 35, 54, 64, 55, 63, 56, 62]
Dot Bracket:
 ((((....((...(((.((((((.((..((((...)))).)).)))))).))).[[[.))..]]]))))
69


Iteration 19


setting environment up
running sampling algorithm
beginning Burn in iterations

Centroid Structure
Length:
 23
Pairs:
 [(0, 68), (1, 67), (2, 66), (3, 65), (4, 64), (11, 54), (12, 53), (13, 52), (14, 55), (17, 48), (18, 47), (19, 46), (20, 45), (21, 44), (22, 43), (24, 42), (26, 41), (27, 40), (28, 39), (29, 37), (30, 36), (31, 35), (56, 62)]
Pairs:
 [0, 68, 1, 67, 2, 66, 3, 65, 4, 64, 11, 54, 12, 53, 13, 52, 14, 55, 17, 48, 18, 47, 19, 46, 20, 45, 21, 44, 22, 43, 24, 42, 26, 41, 27, 40, 28, 39, 29, 37, 30, 36, 31, 35, 56, 62]
Dot Bracket:
 (((((......((([..[[[[[[.[.[[[[[[...]]].]]]]]]]]]]...)))][.....].)))))
69
