Iteration 0

setting environment up
running sfold binary

Sfold Executable Code for Academic Users, Version 2.2-20110126
 Running partition function and statistical sampling module... done
 (general output in /home/chris/devtree/pseudoKnot_research/output/sfold.out)
 Running structure clustering module... done
 (general output in /home/chris/devtree/pseudoKnot_research/output/sclass.out)
Process completed. See output files in '/home/chris/devtree/pseudoKnot_research/output'.

running sampling algorithm
beginning Burn in iterations

Centroid Structure
Length:
 43
Pairs:
 [(1, 95), (2, 94), (3, 93), (4, 92), (5, 91), (6, 90), (7, 89), (10, 29), (12, 27), (13, 26), (14, 25), (15, 24), (28, 35), (37, 54), (38, 53), (39, 52), (40, 51), (41, 50), (42, 49), (43, 48), (57, 86), (58, 87), (60, 85), (61, 80), (62, 79), (63, 78), (64, 77), (65, 76), (66, 75), (67, 74), (96, 115), (97, 114), (98, 113), (99, 112), (100, 111), (101, 110), (102, 109), (103, 108), (116, 129), (117, 128), (118, 127), (119, 126), (120, 125)]
Pairs:
 [1, 95, 2, 94, 3, 93, 4, 92, 5, 91, 6, 90, 7, 89, 10, 29, 12, 27, 13, 26, 14, 25, 15, 24, 28, 35, 37, 54, 38, 53, 39, 52, 40, 51, 41, 50, 42, 49, 43, 48, 57, 86, 58, 87, 60, 85, 61, 80, 62, 79, 63, 78, 64, 77, 65, 76, 66, 75, 67, 74, 96, 115, 97, 114, 98, 113, 99, 112, 100, 111, 101, 110, 102, 109, 103, 108, 116, 129, 117, 128, 118, 127, 119, 126, 120, 125]
Dot Bracket:
 .(((((((..(.((((........))))[).....].[[[[[[[....]]]]]]]..[(.((((((((......)))))))....)]).)))))))((((((((....))))))))(((((....)))))...
133


Iteration 1


setting environment up
running sampling algorithm
beginning Burn in iterations

Centroid Structure
Length:
 43
Pairs:
 [(1, 95), (2, 94), (3, 93), (4, 92), (5, 91), (6, 90), (7, 89), (10, 29), (11, 28), (12, 27), (13, 26), (14, 25), (15, 24), (37, 54), (38, 53), (39, 52), (40, 51), (41, 50), (42, 49), (43, 48), (57, 88), (59, 86), (60, 85), (61, 80), (62, 79), (63, 78), (64, 77), (65, 76), (66, 75), (67, 74), (96, 115), (97, 114), (98, 113), (99, 112), (100, 111), (101, 110), (102, 109), (103, 108), (116, 129), (117, 128), (118, 127), (119, 126), (120, 125)]
Pairs:
 [1, 95, 2, 94, 3, 93, 4, 92, 5, 91, 6, 90, 7, 89, 10, 29, 11, 28, 12, 27, 13, 26, 14, 25, 15, 24, 37, 54, 38, 53, 39, 52, 40, 51, 41, 50, 42, 49, 43, 48, 57, 88, 59, 86, 60, 85, 61, 80, 62, 79, 63, 78, 64, 77, 65, 76, 66, 75, 67, 74, 96, 115, 97, 114, 98, 113, 99, 112, 100, 111, 101, 110, 102, 109, 103, 108, 116, 129, 117, 128, 118, 127, 119, 126, 120, 125]
Dot Bracket:
 .(((((((..((((((........)))))).......(((((((....)))))))..(.(((((((((......)))))))....)).))))))))((((((((....))))))))(((((....)))))...
133


Iteration 2


setting environment up
running sampling algorithm
beginning Burn in iterations

Centroid Structure
Length:
 42
Pairs:
 [(1, 95), (2, 94), (3, 93), (4, 92), (5, 91), (6, 90), (7, 89), (12, 27), (13, 26), (14, 25), (15, 24), (37, 54), (38, 53), (39, 52), (40, 51), (41, 50), (42, 49), (43, 48), (57, 88), (58, 87), (59, 86), (60, 85), (61, 80), (62, 79), (63, 78), (64, 77), (65, 76), (66, 75), (67, 74), (96, 115), (97, 114), (98, 113), (99, 112), (100, 111), (101, 110), (102, 109), (103, 108), (116, 129), (117, 128), (118, 127), (119, 126), (120, 125)]
Pairs:
 [1, 95, 2, 94, 3, 93, 4, 92, 5, 91, 6, 90, 7, 89, 12, 27, 13, 26, 14, 25, 15, 24, 37, 54, 38, 53, 39, 52, 40, 51, 41, 50, 42, 49, 43, 48, 57, 88, 58, 87, 59, 86, 60, 85, 61, 80, 62, 79, 63, 78, 64, 77, 65, 76, 66, 75, 67, 74, 96, 115, 97, 114, 98, 113, 99, 112, 100, 111, 101, 110, 102, 109, 103, 108, 116, 129, 117, 128, 118, 127, 119, 126, 120, 125]
Dot Bracket:
 .(((((((....((((........)))).........(((((((....)))))))..(((((((((((......)))))))....)))))))))))((((((((....))))))))(((((....)))))...
133


Iteration 3


setting environment up
running sampling algorithm
beginning Burn in iterations

Centroid Structure
Length:
 44
Pairs:
 [(1, 95), (2, 94), (3, 93), (4, 92), (5, 91), (6, 90), (7, 89), (11, 28), (12, 27), (19, 35), (20, 34), (21, 33), (23, 30), (24, 29), (37, 54), (38, 53), (39, 52), (40, 51), (41, 50), (42, 49), (43, 48), (57, 88), (58, 87), (59, 86), (60, 85), (61, 80), (62, 79), (63, 78), (64, 77), (65, 76), (66, 75), (67, 74), (98, 113), (99, 112), (100, 111), (101, 110), (102, 109), (103, 108), (114, 130), (115, 129), (117, 128), (118, 127), (119, 126), (120, 125)]
Pairs:
 [1, 95, 2, 94, 3, 93, 4, 92, 5, 91, 6, 90, 7, 89, 11, 28, 12, 27, 19, 35, 20, 34, 21, 33, 23, 30, 24, 29, 37, 54, 38, 53, 39, 52, 40, 51, 41, 50, 42, 49, 43, 48, 57, 88, 58, 87, 59, 86, 60, 85, 61, 80, 62, 79, 63, 78, 64, 77, 65, 76, 66, 75, 67, 74, 98, 113, 99, 112, 100, 111, 101, 110, 102, 109, 103, 108, 114, 130, 115, 129, 117, 128, 118, 127, 119, 126, 120, 125]
Dot Bracket:
 .(((((((...((......[[[.[[..))]]..]]].[[[[[[[....]]]]]]]..[[[[[[[[[[[......]]]]]]]....]]]])))))))..[[[[[[....]]]]]][[.[[[[....]]]]]]..
133


Iteration 4


setting environment up
running sampling algorithm
beginning Burn in iterations

Centroid Structure
Length:
 43
Pairs:
 [(1, 95), (2, 94), (3, 93), (4, 92), (5, 91), (6, 90), (7, 89), (10, 29), (11, 31), (12, 27), (13, 26), (14, 25), (15, 24), (32, 37), (38, 54), (39, 52), (40, 51), (41, 50), (42, 49), (43, 48), (55, 88), (56, 87), (57, 86), (58, 85), (61, 80), (62, 79), (63, 78), (64, 77), (65, 76), (66, 75), (67, 74), (96, 115), (97, 114), (98, 113), (99, 112), (100, 111), (101, 110), (102, 109), (103, 108), (117, 128), (118, 127), (119, 126), (120, 125)]
Pairs:
 [1, 95, 2, 94, 3, 93, 4, 92, 5, 91, 6, 90, 7, 89, 10, 29, 11, 31, 12, 27, 13, 26, 14, 25, 15, 24, 32, 37, 38, 54, 39, 52, 40, 51, 41, 50, 42, 49, 43, 48, 55, 88, 56, 87, 57, 86, 58, 85, 61, 80, 62, 79, 63, 78, 64, 77, 65, 76, 66, 75, 67, 74, 96, 115, 97, 114, 98, 113, 99, 112, 100, 111, 101, 110, 102, 109, 103, 108, 117, 128, 118, 127, 119, 126, 120, 125]
Dot Bracket:
 .(((((((..([[[[[........]]]].).][....][[[[[[....]]]]].][[[[..[[[[[[[......]]]]]]]....]]]])))))))[[[[[[[[....]]]]]]]].[[[[....]]]]....
133


Iteration 5


setting environment up
running sampling algorithm
beginning Burn in iterations

Centroid Structure
Length:
 44
Pairs:
 [(1, 95), (2, 94), (3, 93), (4, 92), (5, 91), (6, 90), (7, 89), (10, 29), (11, 28), (12, 27), (13, 26), (14, 25), (15, 24), (37, 54), (38, 53), (39, 52), (40, 51), (41, 50), (42, 49), (43, 48), (55, 88), (58, 87), (59, 86), (60, 85), (61, 80), (62, 79), (63, 78), (64, 77), (65, 76), (66, 75), (67, 74), (96, 115), (97, 114), (98, 113), (99, 112), (100, 111), (101, 110), (102, 109), (103, 108), (116, 129), (117, 128), (118, 127), (119, 126), (120, 125)]
Pairs:
 [1, 95, 2, 94, 3, 93, 4, 92, 5, 91, 6, 90, 7, 89, 10, 29, 11, 28, 12, 27, 13, 26, 14, 25, 15, 24, 37, 54, 38, 53, 39, 52, 40, 51, 41, 50, 42, 49, 43, 48, 55, 88, 58, 87, 59, 86, 60, 85, 61, 80, 62, 79, 63, 78, 64, 77, 65, 76, 66, 75, 67, 74, 96, 115, 97, 114, 98, 113, 99, 112, 100, 111, 101, 110, 102, 109, 103, 108, 116, 129, 117, 128, 118, 127, 119, 126, 120, 125]
Dot Bracket:
 .(((((((..((((((........)))))).......(((((((....)))))))(..((((((((((......)))))))....)))))))))))((((((((....))))))))(((((....)))))...
133


Iteration 6


setting environment up
running sampling algorithm
beginning Burn in iterations

Centroid Structure
Length:
 46
Pairs:
 [(1, 95), (2, 94), (3, 93), (4, 92), (5, 91), (6, 90), (7, 89), (10, 29), (11, 53), (12, 27), (13, 26), (14, 25), (15, 24), (19, 35), (21, 33), (23, 30), (32, 61), (34, 58), (37, 54), (39, 52), (40, 51), (41, 50), (42, 49), (43, 48), (57, 88), (59, 86), (60, 85), (62, 79), (63, 78), (64, 77), (65, 76), (66, 75), (67, 74), (96, 115), (97, 114), (98, 113), (99, 112), (100, 111), (101, 110), (102, 109), (103, 108), (116, 129), (117, 128), (118, 127), (119, 126), (120, 125)]
Pairs:
 [1, 95, 2, 94, 3, 93, 4, 92, 5, 91, 6, 90, 7, 89, 10, 29, 11, 53, 12, 27, 13, 26, 14, 25, 15, 24, 19, 35, 21, 33, 23, 30, 32, 61, 34, 58, 37, 54, 39, 52, 40, 51, 41, 50, 42, 49, 43, 48, 57, 88, 59, 86, 60, 85, 62, 79, 63, 78, 64, 77, 65, 76, 66, 75, 67, 74, 96, 115, 97, 114, 98, 113, 99, 112, 100, 111, 101, 110, 102, 109, 103, 108, 116, 129, 117, 128, 118, 127, 119, 126, 120, 125]
Dot Bracket:
 .(((((((..([[[[[...(.[.[]]]].)].[][).(.(((((....)))))])..[][[]((((((......)))))).....]].])))))))((((((((....))))))))(((((....)))))...
133


Iteration 7


setting environment up
running sampling algorithm
beginning Burn in iterations

Centroid Structure
Length:
 42
Pairs:
 [(1, 95), (2, 94), (3, 93), (4, 92), (5, 91), (6, 90), (7, 89), (10, 29), (11, 28), (12, 27), (13, 26), (14, 25), (15, 24), (34, 58), (37, 54), (38, 53), (39, 52), (40, 51), (41, 50), (42, 49), (43, 48), (60, 83), (61, 80), (62, 79), (63, 78), (64, 77), (65, 76), (66, 75), (67, 74), (96, 115), (97, 114), (98, 113), (99, 112), (100, 111), (101, 110), (102, 109), (103, 108), (116, 129), (117, 128), (118, 127), (119, 126), (120, 125)]
Pairs:
 [1, 95, 2, 94, 3, 93, 4, 92, 5, 91, 6, 90, 7, 89, 10, 29, 11, 28, 12, 27, 13, 26, 14, 25, 15, 24, 34, 58, 37, 54, 38, 53, 39, 52, 40, 51, 41, 50, 42, 49, 43, 48, 60, 83, 61, 80, 62, 79, 63, 78, 64, 77, 65, 76, 66, 75, 67, 74, 96, 115, 97, 114, 98, 113, 99, 112, 100, 111, 101, 110, 102, 109, 103, 108, 116, 129, 117, 128, 118, 127, 119, 126, 120, 125]
Dot Bracket:
 .(((((((..((((((........))))))....(..(((((((....)))))))...).((((((((......)))))))..).....)))))))((((((((....))))))))(((((....)))))...
133


Iteration 8


setting environment up
running sampling algorithm
beginning Burn in iterations

Centroid Structure
Length:
 43
Pairs:
 [(1, 95), (2, 94), (3, 93), (4, 92), (5, 91), (6, 90), (7, 89), (10, 29), (11, 28), (12, 27), (13, 26), (14, 25), (15, 24), (37, 54), (38, 53), (39, 52), (40, 51), (41, 50), (42, 49), (43, 48), (57, 88), (58, 87), (59, 86), (61, 80), (62, 79), (63, 78), (64, 77), (65, 76), (66, 75), (67, 74), (96, 115), (97, 114), (98, 113), (99, 112), (100, 111), (101, 110), (102, 109), (103, 108), (116, 129), (117, 128), (118, 127), (119, 126), (120, 125)]
Pairs:
 [1, 95, 2, 94, 3, 93, 4, 92, 5, 91, 6, 90, 7, 89, 10, 29, 11, 28, 12, 27, 13, 26, 14, 25, 15, 24, 37, 54, 38, 53, 39, 52, 40, 51, 41, 50, 42, 49, 43, 48, 57, 88, 58, 87, 59, 86, 61, 80, 62, 79, 63, 78, 64, 77, 65, 76, 66, 75, 67, 74, 96, 115, 97, 114, 98, 113, 99, 112, 100, 111, 101, 110, 102, 109, 103, 108, 116, 129, 117, 128, 118, 127, 119, 126, 120, 125]
Dot Bracket:
 .(((((((..((((((........)))))).......(((((((....)))))))..(((.(((((((......))))))).....))))))))))((((((((....))))))))(((((....)))))...
133


Iteration 9


setting environment up
running sampling algorithm
beginning Burn in iterations

Centroid Structure
Length:
 44
Pairs:
 [(1, 95), (2, 94), (3, 93), (4, 92), (5, 91), (6, 90), (7, 89), (11, 28), (12, 27), (13, 26), (14, 25), (15, 24), (31, 84), (32, 83), (33, 58), (37, 54), (38, 53), (39, 52), (40, 51), (41, 50), (42, 49), (43, 48), (55, 88), (56, 87), (57, 86), (61, 80), (62, 79), (63, 78), (64, 77), (65, 76), (66, 75), (96, 115), (97, 114), (98, 113), (99, 112), (100, 111), (101, 110), (102, 109), (103, 108), (116, 129), (117, 128), (118, 127), (119, 126), (120, 125)]
Pairs:
 [1, 95, 2, 94, 3, 93, 4, 92, 5, 91, 6, 90, 7, 89, 11, 28, 12, 27, 13, 26, 14, 25, 15, 24, 31, 84, 32, 83, 33, 58, 37, 54, 38, 53, 39, 52, 40, 51, 41, 50, 42, 49, 43, 48, 55, 88, 56, 87, 57, 86, 61, 80, 62, 79, 63, 78, 64, 77, 65, 76, 66, 75, 96, 115, 97, 114, 98, 113, 99, 112, 100, 111, 101, 110, 102, 109, 103, 108, 116, 129, 117, 128, 118, 127, 119, 126, 120, 125]
Dot Bracket:
 .(((((((...(((((........)))))..(((...(((((((....)))))))[[[)..[[[[[[........]]]]]]..)).]]])))))))[[[[[[[[....]]]]]]]][[[[[....]]]]]...
133


Iteration 10


setting environment up
running sampling algorithm
beginning Burn in iterations

Centroid Structure
Length:
 44
Pairs:
 [(1, 95), (2, 94), (3, 93), (4, 92), (5, 91), (6, 90), (7, 89), (10, 29), (13, 26), (14, 25), (15, 24), (28, 35), (36, 56), (37, 54), (38, 53), (39, 52), (40, 51), (41, 50), (42, 49), (43, 48), (57, 88), (58, 87), (59, 86), (60, 85), (61, 80), (62, 79), (63, 78), (64, 77), (65, 76), (66, 75), (67, 74), (96, 115), (97, 114), (98, 113), (99, 112), (100, 111), (101, 110), (102, 109), (103, 108), (116, 129), (117, 128), (118, 127), (119, 126), (120, 125)]
Pairs:
 [1, 95, 2, 94, 3, 93, 4, 92, 5, 91, 6, 90, 7, 89, 10, 29, 13, 26, 14, 25, 15, 24, 28, 35, 36, 56, 37, 54, 38, 53, 39, 52, 40, 51, 41, 50, 42, 49, 43, 48, 57, 88, 58, 87, 59, 86, 60, 85, 61, 80, 62, 79, 63, 78, 64, 77, 65, 76, 66, 75, 67, 74, 96, 115, 97, 114, 98, 113, 99, 112, 100, 111, 101, 110, 102, 109, 103, 108, 116, 129, 117, 128, 118, 127, 119, 126, 120, 125]
Dot Bracket:
 .(((((((..(..(((........))).[).....][[[[[[[[....]]]]]]].][[[[[[[[[[[......]]]]]]]....]]]])))))))[[[[[[[[....]]]]]]]][[[[[....]]]]]...
133


Iteration 11


setting environment up
running sampling algorithm
beginning Burn in iterations

Centroid Structure
Length:
 43
Pairs:
 [(1, 95), (2, 94), (3, 93), (4, 92), (5, 91), (6, 90), (7, 89), (10, 29), (11, 31), (12, 27), (13, 26), (14, 25), (15, 24), (37, 54), (38, 53), (39, 52), (40, 51), (41, 50), (42, 49), (43, 48), (55, 88), (56, 87), (57, 86), (58, 85), (61, 80), (62, 79), (63, 78), (64, 77), (65, 76), (66, 75), (67, 74), (96, 115), (97, 114), (98, 113), (99, 112), (100, 111), (101, 110), (102, 109), (103, 108), (117, 128), (118, 127), (119, 126), (120, 125)]
Pairs:
 [1, 95, 2, 94, 3, 93, 4, 92, 5, 91, 6, 90, 7, 89, 10, 29, 11, 31, 12, 27, 13, 26, 14, 25, 15, 24, 37, 54, 38, 53, 39, 52, 40, 51, 41, 50, 42, 49, 43, 48, 55, 88, 56, 87, 57, 86, 58, 85, 61, 80, 62, 79, 63, 78, 64, 77, 65, 76, 66, 75, 67, 74, 96, 115, 97, 114, 98, 113, 99, 112, 100, 111, 101, 110, 102, 109, 103, 108, 117, 128, 118, 127, 119, 126, 120, 125]
Dot Bracket:
 .(((((((..([[[[[........]]]].).].....[[[[[[[....]]]]]]][[[[..[[[[[[[......]]]]]]]....]]]])))))))[[[[[[[[....]]]]]]]].[[[[....]]]]....
133


Iteration 12


setting environment up
running sampling algorithm
beginning Burn in iterations

Centroid Structure
Length:
 43
Pairs:
 [(1, 95), (2, 94), (3, 93), (4, 92), (5, 91), (6, 90), (7, 89), (11, 28), (12, 27), (13, 26), (14, 25), (15, 24), (37, 54), (38, 53), (39, 52), (40, 51), (41, 50), (42, 49), (43, 48), (57, 88), (58, 87), (59, 86), (60, 85), (61, 80), (62, 79), (63, 78), (64, 77), (65, 76), (66, 75), (67, 74), (96, 115), (97, 114), (98, 113), (99, 112), (100, 111), (101, 110), (102, 109), (103, 108), (116, 129), (117, 128), (118, 127), (119, 126), (120, 125)]
Pairs:
 [1, 95, 2, 94, 3, 93, 4, 92, 5, 91, 6, 90, 7, 89, 11, 28, 12, 27, 13, 26, 14, 25, 15, 24, 37, 54, 38, 53, 39, 52, 40, 51, 41, 50, 42, 49, 43, 48, 57, 88, 58, 87, 59, 86, 60, 85, 61, 80, 62, 79, 63, 78, 64, 77, 65, 76, 66, 75, 67, 74, 96, 115, 97, 114, 98, 113, 99, 112, 100, 111, 101, 110, 102, 109, 103, 108, 116, 129, 117, 128, 118, 127, 119, 126, 120, 125]
Dot Bracket:
 .(((((((...(((((........)))))........(((((((....)))))))..(((((((((((......)))))))....)))))))))))((((((((....))))))))(((((....)))))...
133


Iteration 13


setting environment up
running sampling algorithm
beginning Burn in iterations

Centroid Structure
Length:
 44
Pairs:
 [(1, 95), (2, 94), (3, 93), (4, 92), (5, 91), (6, 90), (7, 89), (10, 32), (11, 31), (12, 27), (13, 26), (14, 25), (15, 24), (37, 54), (38, 53), (39, 52), (40, 51), (41, 50), (42, 49), (43, 48), (55, 88), (56, 87), (57, 86), (58, 85), (61, 80), (62, 79), (63, 78), (64, 77), (65, 76), (66, 75), (67, 74), (96, 115), (97, 114), (98, 113), (99, 112), (100, 111), (101, 110), (102, 109), (103, 108), (116, 129), (117, 128), (118, 127), (119, 126), (120, 125)]
Pairs:
 [1, 95, 2, 94, 3, 93, 4, 92, 5, 91, 6, 90, 7, 89, 10, 32, 11, 31, 12, 27, 13, 26, 14, 25, 15, 24, 37, 54, 38, 53, 39, 52, 40, 51, 41, 50, 42, 49, 43, 48, 55, 88, 56, 87, 57, 86, 58, 85, 61, 80, 62, 79, 63, 78, 64, 77, 65, 76, 66, 75, 67, 74, 96, 115, 97, 114, 98, 113, 99, 112, 100, 111, 101, 110, 102, 109, 103, 108, 116, 129, 117, 128, 118, 127, 119, 126, 120, 125]
Dot Bracket:
 .(((((((..((((((........))))...))....(((((((....)))))))((((..(((((((......)))))))....)))))))))))((((((((....))))))))(((((....)))))...
133


Iteration 14


setting environment up
running sampling algorithm
beginning Burn in iterations

Centroid Structure
Length:
 43
Pairs:
 [(1, 95), (2, 94), (3, 93), (4, 92), (5, 91), (6, 90), (7, 89), (10, 32), (11, 31), (12, 27), (13, 26), (14, 25), (15, 24), (37, 54), (38, 53), (39, 52), (40, 51), (41, 50), (42, 49), (43, 48), (56, 87), (57, 88), (59, 86), (60, 85), (61, 80), (62, 79), (63, 78), (64, 77), (65, 76), (66, 75), (96, 115), (97, 114), (98, 113), (99, 112), (100, 111), (101, 110), (102, 109), (103, 108), (116, 129), (117, 128), (118, 127), (119, 126), (120, 125)]
Pairs:
 [1, 95, 2, 94, 3, 93, 4, 92, 5, 91, 6, 90, 7, 89, 10, 32, 11, 31, 12, 27, 13, 26, 14, 25, 15, 24, 37, 54, 38, 53, 39, 52, 40, 51, 41, 50, 42, 49, 43, 48, 56, 87, 57, 88, 59, 86, 60, 85, 61, 80, 62, 79, 63, 78, 64, 77, 65, 76, 66, 75, 96, 115, 97, 114, 98, 113, 99, 112, 100, 111, 101, 110, 102, 109, 103, 108, 116, 129, 117, 128, 118, 127, 119, 126, 120, 125]
Dot Bracket:
 .(((((((..((((((........))))...))....(((((((....))))))).([.[[[[[[[[........]]]]]]....]])])))))))[[[[[[[[....]]]]]]]][[[[[....]]]]]...
133


Iteration 15


setting environment up
running sampling algorithm
beginning Burn in iterations

Centroid Structure
Length:
 42
Pairs:
 [(1, 95), (2, 94), (3, 93), (4, 92), (5, 91), (6, 90), (7, 89), (10, 29), (11, 28), (12, 27), (13, 26), (14, 25), (15, 24), (37, 54), (38, 53), (39, 52), (40, 51), (41, 50), (42, 49), (43, 48), (59, 86), (60, 85), (61, 80), (62, 79), (63, 78), (64, 77), (65, 76), (66, 75), (67, 74), (96, 115), (97, 114), (98, 113), (99, 112), (100, 111), (101, 110), (102, 109), (103, 108), (116, 129), (117, 128), (118, 127), (119, 126), (120, 125)]
Pairs:
 [1, 95, 2, 94, 3, 93, 4, 92, 5, 91, 6, 90, 7, 89, 10, 29, 11, 28, 12, 27, 13, 26, 14, 25, 15, 24, 37, 54, 38, 53, 39, 52, 40, 51, 41, 50, 42, 49, 43, 48, 59, 86, 60, 85, 61, 80, 62, 79, 63, 78, 64, 77, 65, 76, 66, 75, 67, 74, 96, 115, 97, 114, 98, 113, 99, 112, 100, 111, 101, 110, 102, 109, 103, 108, 116, 129, 117, 128, 118, 127, 119, 126, 120, 125]
Dot Bracket:
 .(((((((..((((((........)))))).......(((((((....)))))))....(((((((((......)))))))....))..)))))))((((((((....))))))))(((((....)))))...
133


Iteration 16


setting environment up
running sampling algorithm
beginning Burn in iterations

Centroid Structure
Length:
 42
Pairs:
 [(1, 95), (2, 94), (3, 93), (4, 92), (5, 91), (6, 90), (7, 89), (12, 27), (13, 26), (14, 25), (15, 24), (37, 54), (38, 53), (39, 52), (40, 51), (41, 50), (42, 49), (43, 48), (57, 88), (58, 87), (59, 86), (60, 85), (61, 80), (62, 79), (63, 78), (64, 77), (65, 76), (66, 75), (67, 74), (96, 115), (97, 114), (98, 113), (99, 112), (100, 111), (101, 110), (102, 109), (103, 108), (116, 129), (117, 128), (118, 127), (119, 126), (120, 125)]
Pairs:
 [1, 95, 2, 94, 3, 93, 4, 92, 5, 91, 6, 90, 7, 89, 12, 27, 13, 26, 14, 25, 15, 24, 37, 54, 38, 53, 39, 52, 40, 51, 41, 50, 42, 49, 43, 48, 57, 88, 58, 87, 59, 86, 60, 85, 61, 80, 62, 79, 63, 78, 64, 77, 65, 76, 66, 75, 67, 74, 96, 115, 97, 114, 98, 113, 99, 112, 100, 111, 101, 110, 102, 109, 103, 108, 116, 129, 117, 128, 118, 127, 119, 126, 120, 125]
Dot Bracket:
 .(((((((....((((........)))).........(((((((....)))))))..(((((((((((......)))))))....)))))))))))((((((((....))))))))(((((....)))))...
133


Iteration 17


setting environment up
running sampling algorithm
beginning Burn in iterations

Centroid Structure
Length:
 47
Pairs:
 [(1, 95), (2, 94), (3, 93), (4, 92), (5, 91), (6, 90), (7, 89), (9, 16), (10, 32), (11, 31), (12, 27), (13, 26), (14, 25), (15, 24), (28, 35), (29, 34), (37, 54), (38, 53), (39, 52), (40, 51), (41, 50), (42, 49), (43, 48), (56, 87), (57, 88), (59, 86), (60, 85), (61, 80), (62, 79), (63, 78), (64, 77), (65, 76), (66, 75), (67, 74), (96, 115), (97, 114), (98, 113), (99, 112), (100, 111), (101, 110), (102, 109), (103, 108), (116, 129), (117, 128), (118, 127), (119, 126), (120, 125)]
Pairs:
 [1, 95, 2, 94, 3, 93, 4, 92, 5, 91, 6, 90, 7, 89, 9, 16, 10, 32, 11, 31, 12, 27, 13, 26, 14, 25, 15, 24, 28, 35, 29, 34, 37, 54, 38, 53, 39, 52, 40, 51, 41, 50, 42, 49, 43, 48, 56, 87, 57, 88, 59, 86, 60, 85, 61, 80, 62, 79, 63, 78, 64, 77, 65, 76, 66, 75, 67, 74, 96, 115, 97, 114, 98, 113, 99, 112, 100, 111, 101, 110, 102, 109, 103, 108, 116, 129, 117, 128, 118, 127, 119, 126, 120, 125]
Dot Bracket:
 .(((((((.([[[[[[).......]]]]((.]].)).(((((((....))))))).([.[[[[[[[[[......]]]]]]]....]])])))))))[[[[[[[[....]]]]]]]][[[[[....]]]]]...
133


Iteration 18


setting environment up
running sampling algorithm
beginning Burn in iterations

Centroid Structure
Length:
 45
Pairs:
 [(1, 95), (2, 94), (3, 93), (4, 92), (5, 91), (6, 90), (7, 89), (10, 29), (12, 27), (13, 26), (14, 25), (15, 24), (31, 84), (32, 83), (37, 54), (38, 53), (39, 52), (40, 51), (41, 50), (42, 49), (43, 48), (55, 88), (56, 87), (57, 86), (58, 85), (61, 80), (62, 79), (63, 78), (64, 77), (65, 76), (66, 75), (67, 74), (96, 115), (97, 114), (98, 113), (99, 112), (100, 111), (101, 110), (102, 109), (103, 108), (116, 129), (117, 128), (118, 127), (119, 126), (120, 125)]
Pairs:
 [1, 95, 2, 94, 3, 93, 4, 92, 5, 91, 6, 90, 7, 89, 10, 29, 12, 27, 13, 26, 14, 25, 15, 24, 31, 84, 32, 83, 37, 54, 38, 53, 39, 52, 40, 51, 41, 50, 42, 49, 43, 48, 55, 88, 56, 87, 57, 86, 58, 85, 61, 80, 62, 79, 63, 78, 64, 77, 65, 76, 66, 75, 67, 74, 96, 115, 97, 114, 98, 113, 99, 112, 100, 111, 101, 110, 102, 109, 103, 108, 116, 129, 117, 128, 118, 127, 119, 126, 120, 125]
Dot Bracket:
 .(((((((..(.((((........)))).).((....(((((((....)))))))[[[[..[[[[[[[......]]]]]]]..))]]]])))))))[[[[[[[[....]]]]]]]][[[[[....]]]]]...
133


Iteration 19


setting environment up
running sampling algorithm
beginning Burn in iterations

Centroid Structure
Length:
 44
Pairs:
 [(1, 95), (2, 94), (3, 93), (4, 92), (5, 91), (6, 90), (7, 89), (10, 29), (11, 28), (12, 27), (13, 26), (14, 25), (15, 24), (32, 61), (33, 60), (37, 54), (38, 53), (39, 52), (40, 51), (41, 50), (42, 49), (43, 48), (56, 87), (57, 86), (58, 85), (62, 79), (63, 78), (64, 77), (65, 76), (66, 75), (67, 74), (96, 115), (97, 114), (98, 113), (99, 112), (100, 111), (101, 110), (102, 109), (103, 108), (116, 129), (117, 128), (118, 127), (119, 126), (120, 125)]
Pairs:
 [1, 95, 2, 94, 3, 93, 4, 92, 5, 91, 6, 90, 7, 89, 10, 29, 11, 28, 12, 27, 13, 26, 14, 25, 15, 24, 32, 61, 33, 60, 37, 54, 38, 53, 39, 52, 40, 51, 41, 50, 42, 49, 43, 48, 56, 87, 57, 86, 58, 85, 62, 79, 63, 78, 64, 77, 65, 76, 66, 75, 67, 74, 96, 115, 97, 114, 98, 113, 99, 112, 100, 111, 101, 110, 102, 109, 103, 108, 116, 129, 117, 128, 118, 127, 119, 126, 120, 125]
Dot Bracket:
 .(((((((..((((((........))))))..((...(((((((....))))))).[[[.))[[[[[[......]]]]]].....]]].)))))))[[[[[[[[....]]]]]]]][[[[[....]]]]]...
133
