Iteration 0

setting environment up
running sfold binary

Sfold Executable Code for Academic Users, Version 2.2-20110126
 Running partition function and statistical sampling module... done
 (general output in /home/chris/devtree/pseudoKnot_research/output/sfold.out)
 Running structure clustering module... done
 (general output in /home/chris/devtree/pseudoKnot_research/output/sclass.out)
Process completed. See output files in '/home/chris/devtree/pseudoKnot_research/output'.

running sampling algorithm
beginning Burn in iterations

Centroid Structure
Length:
 20
Pairs:
 [(1, 61), (2, 60), (3, 59), (8, 58), (9, 57), (10, 56), (11, 55), (12, 54), (13, 53), (14, 52), (15, 51), (16, 50), (17, 49), (18, 48), (19, 47), (20, 46), (21, 45), (22, 44), (31, 42), (33, 40)]
Pairs:
 [1, 61, 2, 60, 3, 59, 8, 58, 9, 57, 10, 56, 11, 55, 12, 54, 13, 53, 14, 52, 15, 51, 16, 50, 17, 49, 18, 48, 19, 47, 20, 46, 21, 45, 22, 44, 31, 42, 33, 40]
Dot Bracket:
 .(((....(((((((((((((((........(.(......).).))))))))))))))))))..............
76


Iteration 1


setting environment up
running sampling algorithm
beginning Burn in iterations

Centroid Structure
Length:
 20
Pairs:
 [(1, 61), (3, 59), (8, 58), (9, 57), (10, 56), (11, 55), (12, 54), (13, 53), (14, 52), (15, 51), (16, 50), (17, 49), (18, 48), (19, 47), (20, 46), (21, 45), (22, 44), (26, 41), (27, 40), (66, 73)]
Pairs:
 [1, 61, 3, 59, 8, 58, 9, 57, 10, 56, 11, 55, 12, 54, 13, 53, 14, 52, 15, 51, 16, 50, 17, 49, 18, 48, 19, 47, 20, 46, 21, 45, 22, 44, 26, 41, 27, 40, 66, 73]
Dot Bracket:
 .(.(....(((((((((((((((...((............))..)))))))))))))))).)....(......)..
76


Iteration 2


setting environment up
running sampling algorithm
beginning Burn in iterations

Centroid Structure
Length:
 21
Pairs:
 [(1, 64), (3, 65), (8, 58), (9, 57), (10, 56), (11, 55), (12, 54), (13, 53), (14, 52), (15, 51), (16, 50), (17, 49), (18, 48), (19, 47), (20, 46), (21, 45), (22, 44), (26, 41), (27, 40), (30, 37), (31, 36)]
Pairs:
 [1, 64, 3, 65, 8, 58, 9, 57, 10, 56, 11, 55, 12, 54, 13, 53, 14, 52, 15, 51, 16, 50, 17, 49, 18, 48, 19, 47, 20, 46, 21, 45, 22, 44, 26, 41, 27, 40, 30, 37, 31, 36]
Dot Bracket:
 .(.[....[[[[[[[[[[[[[[[...[[..[[....]]..]]..]]]]]]]]]]]]]]].....)]..........
76


Iteration 3


setting environment up
running sampling algorithm
beginning Burn in iterations

Centroid Structure
Length:
 23
Pairs:
 [(1, 61), (2, 60), (8, 58), (9, 57), (10, 56), (11, 55), (12, 54), (13, 53), (14, 52), (15, 51), (16, 50), (17, 49), (18, 48), (19, 47), (20, 46), (21, 45), (22, 44), (24, 42), (26, 41), (27, 40), (30, 37), (31, 36), (59, 66)]
Pairs:
 [1, 61, 2, 60, 8, 58, 9, 57, 10, 56, 11, 55, 12, 54, 13, 53, 14, 52, 15, 51, 16, 50, 17, 49, 18, 48, 19, 47, 20, 46, 21, 45, 22, 44, 24, 42, 26, 41, 27, 40, 30, 37, 31, 36, 59, 66]
Dot Bracket:
 .((.....(((((((((((((((.(.((..((....))..))).)))))))))))))))[))....].........
76


Iteration 4


setting environment up
running sampling algorithm
beginning Burn in iterations

Centroid Structure
Length:
 23
Pairs:
 [(1, 61), (2, 60), (3, 59), (8, 58), (9, 57), (10, 56), (11, 55), (12, 54), (13, 53), (14, 52), (15, 51), (16, 50), (17, 49), (18, 48), (19, 47), (20, 46), (21, 45), (22, 44), (23, 42), (26, 41), (27, 40), (30, 36), (66, 72)]
Pairs:
 [1, 61, 2, 60, 3, 59, 8, 58, 9, 57, 10, 56, 11, 55, 12, 54, 13, 53, 14, 52, 15, 51, 16, 50, 17, 49, 18, 48, 19, 47, 20, 46, 21, 45, 22, 44, 23, 42, 26, 41, 27, 40, 30, 36, 66, 72]
Dot Bracket:
 .(((....((((((((((((((((..((..(.....)...))).))))))))))))))))))....(.....)...
76


Iteration 5


setting environment up
running sampling algorithm
beginning Burn in iterations

Centroid Structure
Length:
 23
Pairs:
 [(1, 68), (2, 60), (3, 59), (4, 64), (8, 58), (9, 57), (10, 56), (11, 55), (12, 54), (13, 53), (14, 52), (15, 51), (16, 50), (17, 49), (18, 48), (19, 47), (20, 46), (21, 45), (22, 44), (24, 42), (26, 41), (27, 40), (30, 36)]
Pairs:
 [1, 68, 2, 60, 3, 59, 4, 64, 8, 58, 9, 57, 10, 56, 11, 55, 12, 54, 13, 53, 14, 52, 15, 51, 16, 50, 17, 49, 18, 48, 19, 47, 20, 46, 21, 45, 22, 44, 24, 42, 26, 41, 27, 40, 30, 36]
Dot Bracket:
 .((([...[[[[[[[[[[[[[[[.[.[[..[.....]...]]].]]]]]]]]]]]]]]]))...]...).......
76


Iteration 6


setting environment up
running sampling algorithm
beginning Burn in iterations

Centroid Structure
Length:
 23
Pairs:
 [(2, 70), (3, 69), (4, 68), (7, 64), (8, 58), (9, 57), (10, 56), (11, 55), (12, 54), (13, 53), (14, 52), (15, 51), (16, 50), (17, 49), (18, 48), (19, 47), (20, 46), (21, 45), (22, 44), (24, 42), (26, 41), (27, 40), (30, 37)]
Pairs:
 [2, 70, 3, 69, 4, 68, 7, 64, 8, 58, 9, 57, 10, 56, 11, 55, 12, 54, 13, 53, 14, 52, 15, 51, 16, 50, 17, 49, 18, 48, 19, 47, 20, 46, 21, 45, 22, 44, 24, 42, 26, 41, 27, 40, 30, 37]
Dot Bracket:
 ..(((..((((((((((((((((.(.((..(......)..))).))))))))))))))).....)...))).....
76


Iteration 7


setting environment up
running sampling algorithm
beginning Burn in iterations

Centroid Structure
Length:
 24
Pairs:
 [(1, 61), (2, 67), (3, 65), (4, 64), (8, 58), (9, 57), (10, 56), (11, 55), (12, 54), (13, 53), (14, 52), (15, 51), (16, 50), (17, 49), (18, 48), (19, 47), (20, 46), (21, 45), (22, 44), (23, 42), (24, 41), (27, 40), (30, 37), (31, 36)]
Pairs:
 [1, 61, 2, 67, 3, 65, 4, 64, 8, 58, 9, 57, 10, 56, 11, 55, 12, 54, 13, 53, 14, 52, 15, 51, 16, 50, 17, 49, 18, 48, 19, 47, 20, 46, 21, 45, 22, 44, 23, 42, 24, 41, 27, 40, 30, 37, 31, 36]
Dot Bracket:
 .([[[...[[[[[[[[[[[[[[[[[..[..[[....]]..]]].]]]]]]]]]]]]]]]..)..]].]........
76


Iteration 8


setting environment up
running sampling algorithm
beginning Burn in iterations

Centroid Structure
Length:
 24
Pairs:
 [(1, 68), (2, 67), (3, 65), (4, 64), (7, 61), (8, 58), (9, 57), (10, 56), (11, 55), (12, 54), (13, 53), (14, 52), (15, 51), (16, 50), (17, 49), (18, 48), (19, 47), (20, 46), (21, 45), (22, 44), (23, 42), (26, 41), (27, 40), (31, 36)]
Pairs:
 [1, 68, 2, 67, 3, 65, 4, 64, 7, 61, 8, 58, 9, 57, 10, 56, 11, 55, 12, 54, 13, 53, 14, 52, 15, 51, 16, 50, 17, 49, 18, 48, 19, 47, 20, 46, 21, 45, 22, 44, 23, 42, 26, 41, 27, 40, 31, 36]
Dot Bracket:
 .((((..(((((((((((((((((..((...(....)...))).)))))))))))))))..)..)).)).......
76


Iteration 9


setting environment up
running sampling algorithm
beginning Burn in iterations

Centroid Structure
Length:
 22
Pairs:
 [(2, 60), (3, 62), (4, 61), (8, 58), (9, 57), (10, 56), (11, 55), (12, 54), (13, 53), (14, 52), (15, 51), (16, 50), (17, 49), (18, 48), (19, 47), (20, 46), (21, 45), (22, 44), (24, 42), (26, 33), (30, 37), (31, 36)]
Pairs:
 [2, 60, 3, 62, 4, 61, 8, 58, 9, 57, 10, 56, 11, 55, 12, 54, 13, 53, 14, 52, 15, 51, 16, 50, 17, 49, 18, 48, 19, 47, 20, 46, 21, 45, 22, 44, 24, 42, 26, 33, 30, 37, 31, 36]
Dot Bracket:
 ..([[...[[[[[[[[[[[[[[[.[.[...((.]..))....].]]]]]]]]]]]]]]].)]].............
76


Iteration 10


setting environment up
running sampling algorithm
beginning Burn in iterations

Centroid Structure
Length:
 22
Pairs:
 [(1, 61), (2, 70), (3, 59), (4, 68), (8, 58), (9, 57), (10, 56), (11, 55), (12, 54), (13, 53), (14, 52), (15, 51), (16, 50), (17, 49), (18, 48), (19, 47), (20, 46), (21, 45), (22, 44), (27, 40), (30, 37), (35, 41)]
Pairs:
 [1, 61, 2, 70, 3, 59, 4, 68, 8, 58, 9, 57, 10, 56, 11, 55, 12, 54, 13, 53, 14, 52, 15, 51, 16, 50, 17, 49, 18, 48, 19, 47, 20, 46, 21, 45, 22, 44, 27, 40, 30, 37, 35, 41]
Dot Bracket:
 .([[(...(((((((((((((((....(..(....[.)..)]..)))))))))))))))].)......).].....
76


Iteration 11


setting environment up
running sampling algorithm
beginning Burn in iterations

Centroid Structure
Length:
 18
Pairs:
 [(1, 61), (8, 58), (9, 57), (10, 56), (11, 55), (12, 54), (13, 53), (14, 52), (15, 51), (16, 50), (17, 49), (18, 48), (19, 47), (20, 46), (21, 45), (22, 44), (24, 42), (35, 41)]
Pairs:
 [1, 61, 8, 58, 9, 57, 10, 56, 11, 55, 12, 54, 13, 53, 14, 52, 15, 51, 16, 50, 17, 49, 18, 48, 19, 47, 20, 46, 21, 45, 22, 44, 24, 42, 35, 41]
Dot Bracket:
 .(......(((((((((((((((.(..........(.....)).)))))))))))))))..)..............
76


Iteration 12


setting environment up
running sampling algorithm
beginning Burn in iterations

Centroid Structure
Length:
 24
Pairs:
 [(1, 61), (2, 60), (3, 65), (4, 64), (8, 58), (9, 57), (10, 56), (11, 55), (12, 54), (13, 53), (14, 52), (15, 51), (16, 50), (17, 49), (18, 48), (19, 47), (20, 46), (21, 45), (22, 44), (23, 42), (24, 41), (27, 40), (30, 37), (31, 36)]
Pairs:
 [1, 61, 2, 60, 3, 65, 4, 64, 8, 58, 9, 57, 10, 56, 11, 55, 12, 54, 13, 53, 14, 52, 15, 51, 16, 50, 17, 49, 18, 48, 19, 47, 20, 46, 21, 45, 22, 44, 23, 42, 24, 41, 27, 40, 30, 37, 31, 36]
Dot Bracket:
 .(([[...[[[[[[[[[[[[[[[[[..[..[[....]]..]]].]]]]]]]]]]]]]]].))..]]..........
76


Iteration 13


setting environment up
running sampling algorithm
beginning Burn in iterations

Centroid Structure
Length:
 18
Pairs:
 [(2, 60), (8, 58), (9, 57), (10, 56), (11, 55), (12, 54), (13, 53), (14, 52), (15, 51), (16, 50), (17, 49), (18, 48), (19, 47), (20, 46), (21, 45), (22, 44), (27, 40), (30, 37)]
Pairs:
 [2, 60, 8, 58, 9, 57, 10, 56, 11, 55, 12, 54, 13, 53, 14, 52, 15, 51, 16, 50, 17, 49, 18, 48, 19, 47, 20, 46, 21, 45, 22, 44, 27, 40, 30, 37]
Dot Bracket:
 ..(.....(((((((((((((((....(..(......)..)...))))))))))))))).)...............
76


Iteration 14


setting environment up
running sampling algorithm
beginning Burn in iterations

Centroid Structure
Length:
 19
Pairs:
 [(1, 61), (2, 60), (8, 58), (9, 57), (10, 56), (11, 55), (12, 54), (13, 53), (14, 52), (15, 51), (16, 50), (17, 49), (18, 48), (19, 47), (20, 46), (21, 45), (22, 44), (26, 41), (27, 40)]
Pairs:
 [1, 61, 2, 60, 8, 58, 9, 57, 10, 56, 11, 55, 12, 54, 13, 53, 14, 52, 15, 51, 16, 50, 17, 49, 18, 48, 19, 47, 20, 46, 21, 45, 22, 44, 26, 41, 27, 40]
Dot Bracket:
 .((.....(((((((((((((((...((............))..))))))))))))))).))..............
76


Iteration 15


setting environment up
running sampling algorithm
beginning Burn in iterations

Centroid Structure
Length:
 23
Pairs:
 [(0, 68), (2, 60), (3, 59), (4, 61), (8, 58), (9, 57), (10, 56), (11, 55), (12, 54), (13, 53), (14, 52), (15, 51), (16, 50), (17, 49), (18, 48), (19, 47), (20, 46), (21, 45), (22, 44), (24, 42), (26, 41), (27, 40), (30, 36)]
Pairs:
 [0, 68, 2, 60, 3, 59, 4, 61, 8, 58, 9, 57, 10, 56, 11, 55, 12, 54, 13, 53, 14, 52, 15, 51, 16, 50, 17, 49, 18, 48, 19, 47, 20, 46, 21, 45, 22, 44, 24, 42, 26, 41, 27, 40, 30, 36]
Dot Bracket:
 (.(([...[[[[[[[[[[[[[[[.[.[[..[.....]...]]].]]]]]]]]]]]]]]]))]......).......
76


Iteration 16


setting environment up
running sampling algorithm
beginning Burn in iterations

Centroid Structure
Length:
 25
Pairs:
 [(1, 61), (2, 60), (3, 65), (4, 64), (8, 58), (9, 57), (10, 56), (11, 55), (12, 54), (13, 53), (14, 52), (15, 51), (16, 50), (17, 49), (18, 48), (19, 47), (20, 46), (21, 45), (22, 44), (24, 29), (30, 37), (31, 36), (32, 41), (33, 40), (66, 70)]
Pairs:
 [1, 61, 2, 60, 3, 65, 4, 64, 8, 58, 9, 57, 10, 56, 11, 55, 12, 54, 13, 53, 14, 52, 15, 51, 16, 50, 17, 49, 18, 48, 19, 47, 20, 46, 21, 45, 22, 44, 24, 29, 30, 37, 31, 36, 32, 41, 33, 40, 66, 70]
Dot Bracket:
 .(([[...[[[[[[[[[[[[[[[.[....][[((..]]..))..]]]]]]]]]]]]]]].))..]](...).....
76


Iteration 17


setting environment up
running sampling algorithm
beginning Burn in iterations

Centroid Structure
Length:
 21
Pairs:
 [(1, 61), (2, 68), (3, 59), (8, 58), (9, 57), (10, 56), (11, 55), (12, 54), (13, 53), (14, 52), (15, 51), (16, 50), (17, 49), (18, 48), (19, 47), (20, 46), (21, 45), (22, 44), (26, 34), (35, 41), (36, 40)]
Pairs:
 [1, 61, 2, 68, 3, 59, 8, 58, 9, 57, 10, 56, 11, 55, 12, 54, 13, 53, 14, 52, 15, 51, 16, 50, 17, 49, 18, 48, 19, 47, 20, 46, 21, 45, 22, 44, 26, 34, 35, 41, 36, 40]
Dot Bracket:
 .([[....[[[[[[[[[[[[[[[...[.......][[...]]..]]]]]]]]]]]]]]]].)......].......
76


Iteration 18


setting environment up
running sampling algorithm
beginning Burn in iterations

Centroid Structure
Length:
 24
Pairs:
 [(1, 68), (2, 67), (3, 62), (4, 61), (8, 58), (9, 57), (10, 56), (11, 55), (12, 54), (13, 53), (14, 52), (15, 51), (16, 50), (17, 49), (18, 48), (19, 47), (20, 46), (21, 45), (22, 44), (23, 42), (24, 41), (30, 37), (31, 36), (33, 43)]
Pairs:
 [1, 68, 2, 67, 3, 62, 4, 61, 8, 58, 9, 57, 10, 56, 11, 55, 12, 54, 13, 53, 14, 52, 15, 51, 16, 50, 17, 49, 18, 48, 19, 47, 20, 46, 21, 45, 22, 44, 23, 42, 24, 41, 30, 37, 31, 36, 33, 43]
Dot Bracket:
 .((((...(((((((((((((((((.....((.[..))...))])))))))))))))))..))....)).......
76


Iteration 19


setting environment up
running sampling algorithm
beginning Burn in iterations

Centroid Structure
Length:
 24
Pairs:
 [(1, 68), (2, 67), (3, 62), (4, 61), (8, 58), (9, 57), (10, 56), (11, 55), (12, 54), (13, 53), (14, 52), (15, 51), (16, 50), (17, 49), (18, 48), (19, 47), (20, 46), (21, 45), (22, 44), (23, 42), (30, 37), (33, 43), (35, 41), (36, 40)]
Pairs:
 [1, 68, 2, 67, 3, 62, 4, 61, 8, 58, 9, 57, 10, 56, 11, 55, 12, 54, 13, 53, 14, 52, 15, 51, 16, 50, 17, 49, 18, 48, 19, 47, 20, 46, 21, 45, 22, 44, 23, 42, 30, 37, 33, 43, 35, 41, 36, 40]
Dot Bracket:
 .((((...((((((((((((((((......(..[.[[)..]])])))))))))))))))..))....)).......
76
