Iteration 0

setting environment up
running sfold binary

Sfold Executable Code for Academic Users, Version 2.2-20110126
 Running partition function and statistical sampling module... done
 (general output in /home/chris/devtree/pseudoKnot_research/output/sfold.out)
 Running structure clustering module... done
 (general output in /home/chris/devtree/pseudoKnot_research/output/sclass.out)
Process completed. See output files in '/home/chris/devtree/pseudoKnot_research/output'.

running sampling algorithm
beginning Burn in iterations

Centroid Structure
Length:
 22
Pairs:
 [(0, 42), (1, 41), (2, 40), (3, 38), (4, 37), (5, 36), (6, 35), (7, 34), (8, 33), (9, 32), (10, 31), (15, 30), (16, 29), (17, 28), (46, 68), (47, 67), (49, 65), (50, 64), (51, 63), (52, 62), (53, 61), (54, 60)]
Pairs:
 [0, 42, 1, 41, 2, 40, 3, 38, 4, 37, 5, 36, 6, 35, 7, 34, 8, 33, 9, 32, 10, 31, 15, 30, 16, 29, 17, 28, 46, 68, 47, 67, 49, 65, 50, 64, 51, 63, 52, 62, 53, 61, 54, 60]
Dot Bracket:
 (((((((((((....(((..........))))))))))).)))...((.((((((.....)))))).))....
73


Iteration 1


setting environment up
running sampling algorithm
beginning Burn in iterations

Centroid Structure
Length:
 22
Pairs:
 [(0, 42), (1, 40), (3, 39), (4, 38), (5, 36), (6, 35), (7, 34), (8, 33), (9, 32), (10, 31), (11, 30), (12, 29), (16, 23), (46, 67), (47, 66), (49, 65), (50, 64), (51, 63), (52, 62), (53, 61), (54, 60), (55, 59)]
Pairs:
 [0, 42, 1, 40, 3, 39, 4, 38, 5, 36, 6, 35, 7, 34, 8, 33, 9, 32, 10, 31, 11, 30, 12, 29, 16, 23, 46, 67, 47, 66, 49, 65, 50, 64, 51, 63, 52, 62, 53, 61, 54, 60, 55, 59]
Dot Bracket:
 ((.((((((((((...(......).....)))))))).))).)...((.(((((((...))))))))).....
73


Iteration 2


setting environment up
running sampling algorithm
beginning Burn in iterations

Centroid Structure
Length:
 19
Pairs:
 [(1, 40), (2, 39), (3, 38), (4, 37), (5, 36), (6, 35), (7, 34), (8, 33), (9, 32), (10, 31), (11, 30), (15, 29), (19, 25), (47, 65), (48, 64), (51, 61), (53, 58), (54, 60), (55, 59)]
Pairs:
 [1, 40, 2, 39, 3, 38, 4, 37, 5, 36, 6, 35, 7, 34, 8, 33, 9, 32, 10, 31, 11, 30, 15, 29, 19, 25, 47, 65, 48, 64, 51, 61, 53, 58, 54, 60, 55, 59]
Dot Bracket:
 .(((((((((((...(...(.....)...))))))))))))......((..(.([[..)]])..)).......
73


Iteration 3


setting environment up
running sampling algorithm
beginning Burn in iterations

Centroid Structure
Length:
 20
Pairs:
 [(0, 42), (1, 41), (2, 39), (3, 38), (4, 37), (5, 36), (6, 35), (7, 34), (8, 33), (9, 32), (10, 31), (11, 30), (12, 29), (49, 65), (50, 64), (51, 63), (52, 62), (53, 61), (54, 60), (55, 59)]
Pairs:
 [0, 42, 1, 41, 2, 39, 3, 38, 4, 37, 5, 36, 6, 35, 7, 34, 8, 33, 9, 32, 10, 31, 11, 30, 12, 29, 49, 65, 50, 64, 51, 63, 52, 62, 53, 61, 54, 60, 55, 59]
Dot Bracket:
 (((((((((((((................))))))))))).))......(((((((...))))))).......
73


Iteration 4


setting environment up
running sampling algorithm
beginning Burn in iterations

Centroid Structure
Length:
 18
Pairs:
 [(0, 42), (1, 40), (2, 39), (3, 38), (4, 37), (5, 36), (6, 35), (7, 34), (8, 33), (9, 32), (10, 31), (11, 30), (12, 29), (50, 64), (51, 63), (52, 62), (53, 61), (54, 60)]
Pairs:
 [0, 42, 1, 40, 2, 39, 3, 38, 4, 37, 5, 36, 6, 35, 7, 34, 8, 33, 9, 32, 10, 31, 11, 30, 12, 29, 50, 64, 51, 63, 52, 62, 53, 61, 54, 60]
Dot Bracket:
 (((((((((((((................)))))))))))).).......(((((.....)))))........
73


Iteration 5


setting environment up
running sampling algorithm
beginning Burn in iterations

Centroid Structure
Length:
 19
Pairs:
 [(0, 42), (1, 40), (2, 39), (3, 38), (4, 37), (5, 36), (6, 35), (7, 34), (8, 33), (9, 32), (10, 31), (11, 30), (12, 29), (49, 65), (50, 64), (51, 63), (52, 62), (53, 61), (54, 60)]
Pairs:
 [0, 42, 1, 40, 2, 39, 3, 38, 4, 37, 5, 36, 6, 35, 7, 34, 8, 33, 9, 32, 10, 31, 11, 30, 12, 29, 49, 65, 50, 64, 51, 63, 52, 62, 53, 61, 54, 60]
Dot Bracket:
 (((((((((((((................)))))))))))).)......((((((.....)))))).......
73


Iteration 6


setting environment up
running sampling algorithm
beginning Burn in iterations

Centroid Structure
Length:
 20
Pairs:
 [(0, 42), (1, 41), (2, 39), (3, 38), (4, 37), (5, 36), (6, 35), (7, 34), (8, 33), (9, 32), (10, 31), (11, 30), (12, 29), (47, 65), (48, 64), (51, 63), (52, 62), (53, 61), (54, 60), (55, 59)]
Pairs:
 [0, 42, 1, 41, 2, 39, 3, 38, 4, 37, 5, 36, 6, 35, 7, 34, 8, 33, 9, 32, 10, 31, 11, 30, 12, 29, 47, 65, 48, 64, 51, 63, 52, 62, 53, 61, 54, 60, 55, 59]
Dot Bracket:
 (((((((((((((................))))))))))).))....((..(((((...))))))).......
73


Iteration 7


setting environment up
running sampling algorithm
beginning Burn in iterations

Centroid Structure
Length:
 19
Pairs:
 [(1, 40), (2, 39), (3, 38), (4, 37), (5, 36), (6, 35), (7, 34), (8, 33), (9, 32), (10, 31), (11, 30), (12, 29), (49, 65), (50, 64), (51, 63), (52, 62), (53, 61), (54, 60), (55, 59)]
Pairs:
 [1, 40, 2, 39, 3, 38, 4, 37, 5, 36, 6, 35, 7, 34, 8, 33, 9, 32, 10, 31, 11, 30, 12, 29, 49, 65, 50, 64, 51, 63, 52, 62, 53, 61, 54, 60, 55, 59]
Dot Bracket:
 .((((((((((((................))))))))))))........(((((((...))))))).......
73


Iteration 8


setting environment up
running sampling algorithm
beginning Burn in iterations

Centroid Structure
Length:
 20
Pairs:
 [(1, 40), (2, 39), (3, 38), (4, 37), (5, 36), (6, 35), (7, 34), (8, 33), (9, 32), (10, 31), (12, 29), (15, 30), (17, 28), (49, 65), (50, 64), (51, 63), (52, 62), (53, 58), (54, 60), (55, 59)]
Pairs:
 [1, 40, 2, 39, 3, 38, 4, 37, 5, 36, 6, 35, 7, 34, 8, 33, 9, 32, 10, 31, 12, 29, 15, 30, 17, 28, 49, 65, 50, 64, 51, 63, 52, 62, 53, 58, 54, 60, 55, 59]
Dot Bracket:
 .((((((((((.(..[.[..........])]))))))))))........[[[[[((..])).]]]].......
73


Iteration 9


setting environment up
running sampling algorithm
beginning Burn in iterations

Centroid Structure
Length:
 19
Pairs:
 [(1, 40), (2, 39), (3, 38), (4, 37), (5, 36), (6, 35), (7, 34), (8, 33), (9, 32), (10, 31), (11, 30), (12, 29), (49, 65), (50, 64), (51, 63), (52, 62), (53, 61), (54, 60), (55, 59)]
Pairs:
 [1, 40, 2, 39, 3, 38, 4, 37, 5, 36, 6, 35, 7, 34, 8, 33, 9, 32, 10, 31, 11, 30, 12, 29, 49, 65, 50, 64, 51, 63, 52, 62, 53, 61, 54, 60, 55, 59]
Dot Bracket:
 .((((((((((((................))))))))))))........(((((((...))))))).......
73


Iteration 10


setting environment up
running sampling algorithm
beginning Burn in iterations

Centroid Structure
Length:
 21
Pairs:
 [(2, 39), (3, 38), (4, 37), (5, 36), (6, 35), (7, 34), (8, 33), (9, 32), (10, 31), (11, 30), (12, 29), (16, 23), (18, 25), (40, 48), (41, 47), (49, 65), (50, 64), (51, 63), (52, 62), (53, 61), (54, 60)]
Pairs:
 [2, 39, 3, 38, 4, 37, 5, 36, 6, 35, 7, 34, 8, 33, 9, 32, 10, 31, 11, 30, 12, 29, 16, 23, 18, 25, 40, 48, 41, 47, 49, 65, 50, 64, 51, 63, 52, 62, 53, 61, 54, 60]
Dot Bracket:
 ..(((((((((((...(.[....).]...)))))))))))[[.....]][[[[[[.....]]]]]].......
73


Iteration 11


setting environment up
running sampling algorithm
beginning Burn in iterations

Centroid Structure
Length:
 21
Pairs:
 [(0, 42), (4, 37), (5, 36), (6, 35), (7, 34), (8, 33), (9, 32), (10, 31), (11, 30), (12, 29), (13, 25), (16, 23), (46, 68), (47, 67), (49, 65), (50, 64), (51, 63), (52, 62), (53, 61), (54, 60), (55, 59)]
Pairs:
 [0, 42, 4, 37, 5, 36, 6, 35, 7, 34, 8, 33, 9, 32, 10, 31, 11, 30, 12, 29, 13, 25, 16, 23, 46, 68, 47, 67, 49, 65, 50, 64, 51, 63, 52, 62, 53, 61, 54, 60, 55, 59]
Dot Bracket:
 (...((((((((((..(......).)...)))))))))....)...((.(((((((...))))))).))....
73


Iteration 12


setting environment up
running sampling algorithm
beginning Burn in iterations

Centroid Structure
Length:
 22
Pairs:
 [(0, 42), (1, 40), (2, 39), (3, 38), (4, 37), (5, 36), (6, 35), (7, 34), (8, 33), (9, 32), (10, 31), (11, 30), (12, 29), (46, 68), (47, 67), (49, 65), (50, 64), (51, 63), (52, 62), (53, 61), (54, 60), (55, 59)]
Pairs:
 [0, 42, 1, 40, 2, 39, 3, 38, 4, 37, 5, 36, 6, 35, 7, 34, 8, 33, 9, 32, 10, 31, 11, 30, 12, 29, 46, 68, 47, 67, 49, 65, 50, 64, 51, 63, 52, 62, 53, 61, 54, 60, 55, 59]
Dot Bracket:
 (((((((((((((................)))))))))))).)...((.(((((((...))))))).))....
73


Iteration 13


setting environment up
running sampling algorithm
beginning Burn in iterations

Centroid Structure
Length:
 17
Pairs:
 [(1, 40), (2, 39), (3, 38), (4, 37), (5, 36), (6, 35), (7, 34), (8, 33), (9, 32), (10, 31), (11, 30), (12, 29), (16, 23), (47, 65), (50, 64), (52, 62), (53, 61)]
Pairs:
 [1, 40, 2, 39, 3, 38, 4, 37, 5, 36, 6, 35, 7, 34, 8, 33, 9, 32, 10, 31, 11, 30, 12, 29, 16, 23, 47, 65, 50, 64, 52, 62, 53, 61]
Dot Bracket:
 .((((((((((((...(......).....))))))))))))......(..(.((.......)).)).......
73


Iteration 14


setting environment up
running sampling algorithm
beginning Burn in iterations

Centroid Structure
Length:
 22
Pairs:
 [(0, 42), (1, 40), (2, 39), (3, 38), (4, 37), (5, 36), (6, 35), (7, 34), (8, 33), (9, 32), (10, 31), (11, 30), (12, 29), (16, 23), (17, 28), (49, 65), (50, 64), (51, 63), (52, 62), (53, 61), (54, 60), (55, 59)]
Pairs:
 [0, 42, 1, 40, 2, 39, 3, 38, 4, 37, 5, 36, 6, 35, 7, 34, 8, 33, 9, 32, 10, 31, 11, 30, 12, 29, 16, 23, 17, 28, 49, 65, 50, 64, 51, 63, 52, 62, 53, 61, 54, 60, 55, 59]
Dot Bracket:
 (((((((((((((...([.....)....])))))))))))).)......[[[[[[[...]]]]]]].......
73


Iteration 15


setting environment up
running sampling algorithm
beginning Burn in iterations

Centroid Structure
Length:
 22
Pairs:
 [(0, 42), (1, 40), (3, 39), (4, 38), (5, 36), (6, 35), (7, 34), (8, 33), (9, 32), (10, 31), (11, 30), (12, 29), (14, 25), (16, 23), (47, 66), (49, 65), (50, 64), (51, 63), (52, 62), (53, 61), (54, 60), (55, 59)]
Pairs:
 [0, 42, 1, 40, 3, 39, 4, 38, 5, 36, 6, 35, 7, 34, 8, 33, 9, 32, 10, 31, 11, 30, 12, 29, 14, 25, 16, 23, 47, 66, 49, 65, 50, 64, 51, 63, 52, 62, 53, 61, 54, 60, 55, 59]
Dot Bracket:
 ((.((((((((((.(.(......).)...)))))))).))).)....(.(((((((...))))))))......
73


Iteration 16


setting environment up
running sampling algorithm
beginning Burn in iterations

Centroid Structure
Length:
 22
Pairs:
 [(0, 42), (1, 41), (2, 40), (3, 38), (4, 37), (5, 36), (6, 35), (7, 34), (8, 33), (9, 32), (10, 31), (11, 30), (12, 29), (46, 68), (47, 67), (49, 65), (50, 64), (51, 63), (52, 62), (53, 61), (54, 60), (55, 59)]
Pairs:
 [0, 42, 1, 41, 2, 40, 3, 38, 4, 37, 5, 36, 6, 35, 7, 34, 8, 33, 9, 32, 10, 31, 11, 30, 12, 29, 46, 68, 47, 67, 49, 65, 50, 64, 51, 63, 52, 62, 53, 61, 54, 60, 55, 59]
Dot Bracket:
 (((((((((((((................)))))))))).)))...((.(((((((...))))))).))....
73


Iteration 17


setting environment up
running sampling algorithm
beginning Burn in iterations

Centroid Structure
Length:
 22
Pairs:
 [(1, 40), (2, 39), (3, 38), (4, 37), (5, 36), (6, 35), (7, 34), (8, 33), (9, 32), (10, 31), (15, 30), (16, 29), (17, 28), (18, 25), (46, 68), (49, 65), (50, 64), (51, 63), (52, 62), (53, 61), (54, 60), (55, 59)]
Pairs:
 [1, 40, 2, 39, 3, 38, 4, 37, 5, 36, 6, 35, 7, 34, 8, 33, 9, 32, 10, 31, 15, 30, 16, 29, 17, 28, 18, 25, 46, 68, 49, 65, 50, 64, 51, 63, 52, 62, 53, 61, 54, 60, 55, 59]
Dot Bracket:
 .((((((((((....((((......)..))))))))))))).....(..(((((((...)))))))..)....
73


Iteration 18


setting environment up
running sampling algorithm
beginning Burn in iterations

Centroid Structure
Length:
 19
Pairs:
 [(1, 40), (2, 39), (3, 38), (4, 37), (5, 36), (6, 35), (7, 34), (8, 33), (9, 32), (10, 31), (11, 30), (12, 29), (47, 67), (49, 65), (50, 64), (51, 63), (52, 62), (53, 61), (54, 60)]
Pairs:
 [1, 40, 2, 39, 3, 38, 4, 37, 5, 36, 6, 35, 7, 34, 8, 33, 9, 32, 10, 31, 11, 30, 12, 29, 47, 67, 49, 65, 50, 64, 51, 63, 52, 62, 53, 61, 54, 60]
Dot Bracket:
 .((((((((((((................))))))))))))......(.((((((.....)))))).).....
73


Iteration 19


setting environment up
running sampling algorithm
beginning Burn in iterations

Centroid Structure
Length:
 22
Pairs:
 [(0, 42), (1, 40), (2, 39), (4, 37), (5, 36), (6, 35), (7, 34), (8, 33), (9, 32), (10, 31), (11, 30), (16, 29), (17, 28), (46, 68), (47, 67), (49, 65), (50, 64), (51, 63), (52, 62), (53, 61), (54, 60), (55, 59)]
Pairs:
 [0, 42, 1, 40, 2, 39, 4, 37, 5, 36, 6, 35, 7, 34, 8, 33, 9, 32, 10, 31, 11, 30, 16, 29, 17, 28, 46, 68, 47, 67, 49, 65, 50, 64, 51, 63, 52, 62, 53, 61, 54, 60, 55, 59]
Dot Bracket:
 (((.((((((((....((..........)))))))))).)).)...((.(((((((...))))))).))....
73
