Iteration 0

setting environment up
running sfold binary

Sfold Executable Code for Academic Users, Version 2.2-20110126
 Running partition function and statistical sampling module... done
 (general output in /home/chris/devtree/pseudoKnot_research/output/sfold.out)
 Running structure clustering module... done
 (general output in /home/chris/devtree/pseudoKnot_research/output/sclass.out)
Process completed. See output files in '/home/chris/devtree/pseudoKnot_research/output'.

running sampling algorithm
beginning Burn in iterations

Centroid Structure
Length:
 21
Pairs:
 [(0, 69), (1, 68), (2, 67), (3, 66), (4, 65), (5, 64), (6, 63), (7, 62), (8, 61), (10, 60), (14, 57), (15, 56), (16, 55), (17, 54), (18, 53), (19, 52), (20, 51), (21, 50), (22, 49), (23, 48), (33, 38)]
Pairs:
 [0, 69, 1, 68, 2, 67, 3, 66, 4, 65, 5, 64, 6, 63, 7, 62, 8, 61, 10, 60, 14, 57, 15, 56, 16, 55, 17, 54, 18, 53, 19, 52, 20, 51, 21, 50, 22, 49, 23, 48, 33, 38]
Dot Bracket:
 (((((((((.(...((((((((((.........(....).........))))))))))..))))))))))..........
80


Iteration 1


setting environment up
running sampling algorithm
beginning Burn in iterations

Centroid Structure
Length:
 26
Pairs:
 [(0, 69), (1, 68), (2, 67), (3, 66), (4, 65), (5, 64), (6, 63), (7, 62), (8, 61), (10, 60), (12, 59), (14, 57), (15, 56), (16, 55), (17, 54), (18, 53), (19, 52), (20, 51), (21, 50), (22, 49), (23, 48), (25, 46), (29, 44), (30, 43), (31, 39), (33, 38)]
Pairs:
 [0, 69, 1, 68, 2, 67, 3, 66, 4, 65, 5, 64, 6, 63, 7, 62, 8, 61, 10, 60, 12, 59, 14, 57, 15, 56, 16, 55, 17, 54, 18, 53, 19, 52, 20, 51, 21, 50, 22, 49, 23, 48, 25, 46, 29, 44, 30, 43, 31, 39, 33, 38]
Dot Bracket:
 (((((((((.(.(.((((((((((.(...(((.(....))...)).).)))))))))).)))))))))))..........
80


Iteration 2


setting environment up
running sampling algorithm
beginning Burn in iterations

Centroid Structure
Length:
 25
Pairs:
 [(0, 70), (1, 68), (2, 67), (3, 66), (4, 65), (5, 64), (6, 63), (7, 62), (8, 61), (11, 58), (14, 57), (15, 56), (16, 55), (17, 54), (18, 53), (19, 52), (20, 51), (21, 50), (22, 49), (23, 48), (26, 40), (27, 39), (30, 42), (31, 36), (33, 38)]
Pairs:
 [0, 70, 1, 68, 2, 67, 3, 66, 4, 65, 5, 64, 6, 63, 7, 62, 8, 61, 11, 58, 14, 57, 15, 56, 16, 55, 17, 54, 18, 53, 19, 52, 20, 51, 21, 50, 22, 49, 23, 48, 26, 40, 27, 39, 30, 42, 31, 36, 33, 38]
Dot Bracket:
 (((((((((..(..((((((((((..((..[[.(..].))).].....)))))))))))..)))))))).).........
80


Iteration 3


setting environment up
running sampling algorithm
beginning Burn in iterations

Centroid Structure
Length:
 20
Pairs:
 [(0, 69), (1, 68), (2, 67), (3, 66), (4, 65), (5, 64), (6, 63), (7, 62), (8, 61), (10, 60), (14, 57), (15, 56), (16, 55), (17, 54), (18, 53), (19, 52), (20, 51), (21, 50), (22, 49), (23, 48)]
Pairs:
 [0, 69, 1, 68, 2, 67, 3, 66, 4, 65, 5, 64, 6, 63, 7, 62, 8, 61, 10, 60, 14, 57, 15, 56, 16, 55, 17, 54, 18, 53, 19, 52, 20, 51, 21, 50, 22, 49, 23, 48]
Dot Bracket:
 (((((((((.(...((((((((((........................))))))))))..))))))))))..........
80


Iteration 4


setting environment up
running sampling algorithm
beginning Burn in iterations

Centroid Structure
Length:
 20
Pairs:
 [(0, 69), (1, 68), (2, 67), (3, 66), (4, 65), (5, 64), (6, 63), (7, 62), (8, 61), (10, 60), (15, 56), (16, 55), (17, 54), (18, 53), (19, 52), (20, 51), (21, 50), (22, 49), (23, 48), (33, 38)]
Pairs:
 [0, 69, 1, 68, 2, 67, 3, 66, 4, 65, 5, 64, 6, 63, 7, 62, 8, 61, 10, 60, 15, 56, 16, 55, 17, 54, 18, 53, 19, 52, 20, 51, 21, 50, 22, 49, 23, 48, 33, 38]
Dot Bracket:
 (((((((((.(....(((((((((.........(....).........)))))))))...))))))))))..........
80


Iteration 5


setting environment up
running sampling algorithm
beginning Burn in iterations

Centroid Structure
Length:
 25
Pairs:
 [(0, 69), (1, 68), (2, 67), (3, 66), (4, 65), (5, 64), (6, 63), (7, 62), (8, 61), (10, 60), (12, 59), (14, 57), (15, 56), (16, 55), (17, 54), (18, 53), (19, 52), (20, 51), (21, 50), (22, 49), (23, 48), (25, 46), (29, 41), (32, 38), (33, 39)]
Pairs:
 [0, 69, 1, 68, 2, 67, 3, 66, 4, 65, 5, 64, 6, 63, 7, 62, 8, 61, 10, 60, 12, 59, 14, 57, 15, 56, 16, 55, 17, 54, 18, 53, 19, 52, 20, 51, 21, 50, 22, 49, 23, 48, 25, 46, 29, 41, 32, 38, 33, 39]
Dot Bracket:
 (((((((((.(.(.((((((((((.(...(..([....)].)....).)))))))))).)))))))))))..........
80


Iteration 6


setting environment up
running sampling algorithm
beginning Burn in iterations

Centroid Structure
Length:
 19
Pairs:
 [(0, 69), (1, 68), (2, 67), (3, 66), (4, 65), (5, 64), (6, 63), (7, 62), (8, 61), (10, 60), (15, 56), (16, 55), (17, 54), (18, 53), (19, 52), (20, 51), (21, 50), (22, 49), (23, 48)]
Pairs:
 [0, 69, 1, 68, 2, 67, 3, 66, 4, 65, 5, 64, 6, 63, 7, 62, 8, 61, 10, 60, 15, 56, 16, 55, 17, 54, 18, 53, 19, 52, 20, 51, 21, 50, 22, 49, 23, 48]
Dot Bracket:
 (((((((((.(....(((((((((........................)))))))))...))))))))))..........
80


Iteration 7


setting environment up
running sampling algorithm
beginning Burn in iterations

Centroid Structure
Length:
 21
Pairs:
 [(0, 69), (1, 68), (2, 67), (3, 66), (4, 65), (5, 64), (6, 63), (7, 62), (8, 61), (10, 60), (14, 57), (15, 56), (16, 55), (17, 54), (18, 53), (19, 52), (20, 51), (21, 50), (22, 49), (23, 48), (33, 38)]
Pairs:
 [0, 69, 1, 68, 2, 67, 3, 66, 4, 65, 5, 64, 6, 63, 7, 62, 8, 61, 10, 60, 14, 57, 15, 56, 16, 55, 17, 54, 18, 53, 19, 52, 20, 51, 21, 50, 22, 49, 23, 48, 33, 38]
Dot Bracket:
 (((((((((.(...((((((((((.........(....).........))))))))))..))))))))))..........
80


Iteration 8


setting environment up
running sampling algorithm
beginning Burn in iterations

Centroid Structure
Length:
 21
Pairs:
 [(0, 69), (1, 68), (2, 67), (3, 66), (4, 65), (5, 64), (6, 63), (7, 62), (8, 61), (10, 60), (11, 58), (15, 56), (16, 55), (17, 54), (18, 53), (19, 52), (20, 51), (21, 50), (22, 49), (23, 48), (27, 39)]
Pairs:
 [0, 69, 1, 68, 2, 67, 3, 66, 4, 65, 5, 64, 6, 63, 7, 62, 8, 61, 10, 60, 11, 58, 15, 56, 16, 55, 17, 54, 18, 53, 19, 52, 20, 51, 21, 50, 22, 49, 23, 48, 27, 39]
Dot Bracket:
 (((((((((.((...(((((((((...(...........)........))))))))).).))))))))))..........
80


Iteration 9


setting environment up
running sampling algorithm
beginning Burn in iterations

Centroid Structure
Length:
 20
Pairs:
 [(0, 69), (1, 68), (2, 67), (3, 66), (4, 65), (5, 64), (6, 63), (7, 62), (8, 60), (9, 59), (15, 56), (16, 55), (17, 54), (18, 53), (19, 52), (20, 51), (21, 50), (22, 49), (23, 48), (33, 38)]
Pairs:
 [0, 69, 1, 68, 2, 67, 3, 66, 4, 65, 5, 64, 6, 63, 7, 62, 8, 60, 9, 59, 15, 56, 16, 55, 17, 54, 18, 53, 19, 52, 20, 51, 21, 50, 22, 49, 23, 48, 33, 38]
Dot Bracket:
 ((((((((((.....(((((((((.........(....).........)))))))))..)).))))))))..........
80


Iteration 10


setting environment up
running sampling algorithm
beginning Burn in iterations

Centroid Structure
Length:
 23
Pairs:
 [(0, 69), (1, 68), (2, 67), (3, 66), (4, 65), (5, 64), (6, 63), (7, 62), (8, 61), (9, 59), (14, 57), (15, 56), (16, 55), (17, 54), (18, 53), (19, 52), (20, 51), (21, 50), (22, 49), (23, 48), (29, 40), (30, 43), (33, 38)]
Pairs:
 [0, 69, 1, 68, 2, 67, 3, 66, 4, 65, 5, 64, 6, 63, 7, 62, 8, 61, 9, 59, 14, 57, 15, 56, 16, 55, 17, 54, 18, 53, 19, 52, 20, 51, 21, 50, 22, 49, 23, 48, 29, 40, 30, 43, 33, 38]
Dot Bracket:
 ((((((((((....((((((((((.....([..[....].)..]....)))))))))).).)))))))))..........
80


Iteration 11


setting environment up
running sampling algorithm
beginning Burn in iterations

Centroid Structure
Length:
 20
Pairs:
 [(0, 69), (1, 68), (2, 67), (3, 66), (4, 65), (5, 64), (6, 63), (7, 62), (8, 61), (10, 60), (14, 57), (15, 56), (16, 55), (17, 54), (18, 53), (19, 52), (20, 51), (21, 50), (22, 49), (23, 48)]
Pairs:
 [0, 69, 1, 68, 2, 67, 3, 66, 4, 65, 5, 64, 6, 63, 7, 62, 8, 61, 10, 60, 14, 57, 15, 56, 16, 55, 17, 54, 18, 53, 19, 52, 20, 51, 21, 50, 22, 49, 23, 48]
Dot Bracket:
 (((((((((.(...((((((((((........................))))))))))..))))))))))..........
80


Iteration 12


setting environment up
running sampling algorithm
beginning Burn in iterations

Centroid Structure
Length:
 20
Pairs:
 [(0, 69), (1, 68), (2, 67), (3, 66), (4, 65), (5, 64), (6, 63), (7, 62), (9, 59), (11, 58), (14, 57), (15, 56), (16, 55), (17, 54), (18, 53), (19, 52), (20, 51), (21, 50), (22, 49), (32, 37)]
Pairs:
 [0, 69, 1, 68, 2, 67, 3, 66, 4, 65, 5, 64, 6, 63, 7, 62, 9, 59, 11, 58, 14, 57, 15, 56, 16, 55, 17, 54, 18, 53, 19, 52, 20, 51, 21, 50, 22, 49, 32, 37]
Dot Bracket:
 ((((((((.(.(..(((((((((.........(....)...........)))))))))))..))))))))..........
80


Iteration 13


setting environment up
running sampling algorithm
beginning Burn in iterations

Centroid Structure
Length:
 20
Pairs:
 [(0, 69), (1, 68), (2, 67), (3, 66), (4, 65), (5, 64), (6, 63), (7, 62), (8, 61), (10, 60), (11, 58), (15, 56), (16, 55), (17, 54), (18, 53), (19, 52), (20, 51), (21, 50), (22, 49), (23, 48)]
Pairs:
 [0, 69, 1, 68, 2, 67, 3, 66, 4, 65, 5, 64, 6, 63, 7, 62, 8, 61, 10, 60, 11, 58, 15, 56, 16, 55, 17, 54, 18, 53, 19, 52, 20, 51, 21, 50, 22, 49, 23, 48]
Dot Bracket:
 (((((((((.((...(((((((((........................))))))))).).))))))))))..........
80


Iteration 14


setting environment up
running sampling algorithm
beginning Burn in iterations

Centroid Structure
Length:
 25
Pairs:
 [(0, 69), (1, 68), (2, 67), (3, 66), (4, 65), (5, 64), (6, 63), (7, 62), (8, 61), (10, 60), (14, 57), (15, 56), (16, 55), (17, 54), (18, 53), (19, 52), (20, 51), (21, 50), (22, 49), (24, 48), (25, 47), (28, 44), (30, 43), (31, 42), (33, 38)]
Pairs:
 [0, 69, 1, 68, 2, 67, 3, 66, 4, 65, 5, 64, 6, 63, 7, 62, 8, 61, 10, 60, 14, 57, 15, 56, 16, 55, 17, 54, 18, 53, 19, 52, 20, 51, 21, 50, 22, 49, 24, 48, 25, 47, 28, 44, 30, 43, 31, 42, 33, 38]
Dot Bracket:
 (((((((((.(...(((((((((.((..(.((.(....)...)))..)))))))))))..))))))))))..........
80


Iteration 15


setting environment up
running sampling algorithm
beginning Burn in iterations

Centroid Structure
Length:
 25
Pairs:
 [(0, 69), (1, 68), (2, 67), (3, 66), (4, 65), (5, 64), (6, 63), (7, 62), (8, 61), (9, 59), (13, 57), (14, 56), (16, 55), (17, 54), (18, 53), (19, 52), (20, 51), (21, 50), (22, 49), (23, 48), (25, 47), (28, 41), (29, 40), (32, 39), (33, 38)]
Pairs:
 [0, 69, 1, 68, 2, 67, 3, 66, 4, 65, 5, 64, 6, 63, 7, 62, 8, 61, 9, 59, 13, 57, 14, 56, 16, 55, 17, 54, 18, 53, 19, 52, 20, 51, 21, 50, 22, 49, 23, 48, 25, 47, 28, 41, 29, 40, 32, 39, 33, 38]
Dot Bracket:
 ((((((((((...((.((((((((.(..((..((....)))).....))))))))))).).)))))))))..........
80


Iteration 16


setting environment up
running sampling algorithm
beginning Burn in iterations

Centroid Structure
Length:
 19
Pairs:
 [(0, 69), (1, 68), (2, 67), (3, 66), (4, 65), (5, 64), (6, 63), (7, 62), (8, 61), (10, 60), (13, 57), (15, 56), (16, 55), (17, 54), (18, 53), (19, 52), (20, 51), (21, 50), (22, 49)]
Pairs:
 [0, 69, 1, 68, 2, 67, 3, 66, 4, 65, 5, 64, 6, 63, 7, 62, 8, 61, 10, 60, 13, 57, 15, 56, 16, 55, 17, 54, 18, 53, 19, 52, 20, 51, 21, 50, 22, 49]
Dot Bracket:
 (((((((((.(..(.((((((((..........................)))))))))..))))))))))..........
80


Iteration 17


setting environment up
running sampling algorithm
beginning Burn in iterations

Centroid Structure
Length:
 18
Pairs:
 [(0, 69), (1, 68), (2, 67), (3, 66), (4, 65), (5, 64), (6, 63), (7, 62), (8, 61), (15, 56), (16, 55), (17, 54), (18, 53), (19, 52), (20, 51), (21, 50), (22, 49), (23, 48)]
Pairs:
 [0, 69, 1, 68, 2, 67, 3, 66, 4, 65, 5, 64, 6, 63, 7, 62, 8, 61, 15, 56, 16, 55, 17, 54, 18, 53, 19, 52, 20, 51, 21, 50, 22, 49, 23, 48]
Dot Bracket:
 (((((((((......(((((((((........................)))))))))....)))))))))..........
80


Iteration 18


setting environment up
running sampling algorithm
beginning Burn in iterations

Centroid Structure
Length:
 19
Pairs:
 [(0, 69), (1, 68), (2, 67), (3, 66), (4, 65), (5, 64), (6, 63), (7, 62), (8, 61), (10, 60), (15, 56), (16, 55), (17, 54), (18, 53), (19, 52), (20, 51), (21, 50), (22, 49), (23, 48)]
Pairs:
 [0, 69, 1, 68, 2, 67, 3, 66, 4, 65, 5, 64, 6, 63, 7, 62, 8, 61, 10, 60, 15, 56, 16, 55, 17, 54, 18, 53, 19, 52, 20, 51, 21, 50, 22, 49, 23, 48]
Dot Bracket:
 (((((((((.(....(((((((((........................)))))))))...))))))))))..........
80


Iteration 19


setting environment up
running sampling algorithm
beginning Burn in iterations

Centroid Structure
Length:
 24
Pairs:
 [(0, 69), (1, 68), (2, 67), (3, 66), (4, 65), (5, 64), (6, 63), (7, 62), (9, 59), (10, 60), (14, 57), (15, 56), (16, 55), (17, 54), (18, 53), (19, 52), (20, 51), (21, 50), (22, 49), (23, 48), (25, 46), (27, 39), (28, 41), (29, 40)]
Pairs:
 [0, 69, 1, 68, 2, 67, 3, 66, 4, 65, 5, 64, 6, 63, 7, 62, 9, 59, 10, 60, 14, 57, 15, 56, 16, 55, 17, 54, 18, 53, 19, 52, 20, 51, 21, 50, 22, 49, 23, 48, 25, 46, 27, 39, 28, 41, 29, 40]
Dot Bracket:
 ((((((((.([...[[[[[[[[[[.[.[((.........]))....].]]]]]]]]]].)].))))))))..........
80
