Iteration 0

setting environment up
running sfold binary

Sfold Executable Code for Academic Users, Version 2.2-20110126
 Running partition function and statistical sampling module... done
 (general output in /home/chris/devtree/pseudoKnot_research/output/sfold.out)
 Running structure clustering module... done
 (general output in /home/chris/devtree/pseudoKnot_research/output/sclass.out)
Process completed. See output files in '/home/chris/devtree/pseudoKnot_research/output'.

running sampling algorithm
beginning Burn in iterations

Centroid Structure
Length:
 17
Pairs:
 [(1, 59), (2, 58), (3, 57), (4, 56), (5, 55), (6, 54), (7, 53), (8, 50), (12, 46), (13, 45), (14, 44), (21, 32), (22, 31), (23, 30), (33, 43), (34, 42), (35, 41)]
Pairs:
 [1, 59, 2, 58, 3, 57, 4, 56, 5, 55, 6, 54, 7, 53, 8, 50, 12, 46, 13, 45, 14, 44, 21, 32, 22, 31, 23, 30, 33, 43, 34, 42, 35, 41]
Dot Bracket:
 .((((((((...(((......(((......)))(((.....))))))...)..)))))))................
76


Iteration 1


setting environment up
running sampling algorithm
beginning Burn in iterations

Centroid Structure
Length:
 19
Pairs:
 [(1, 59), (2, 58), (3, 57), (4, 56), (5, 55), (6, 54), (7, 53), (8, 51), (9, 49), (11, 37), (13, 45), (15, 33), (19, 36), (20, 34), (21, 32), (22, 31), (23, 30), (24, 29), (39, 48)]
Pairs:
 [1, 59, 2, 58, 3, 57, 4, 56, 5, 55, 6, 54, 7, 53, 8, 51, 9, 49, 11, 37, 13, 45, 15, 33, 19, 36, 20, 34, 21, 32, 22, 31, 23, 30, 24, 29, 39, 48]
Dot Bracket:
 .(((((((((.(.[.[...((((((....))))]).)).(.....]..)).).)))))))................
76


Iteration 2


setting environment up
running sampling algorithm
beginning Burn in iterations

Centroid Structure
Length:
 19
Pairs:
 [(1, 59), (2, 58), (3, 57), (4, 56), (5, 55), (6, 54), (7, 53), (8, 50), (9, 49), (10, 48), (11, 47), (12, 46), (13, 45), (14, 44), (22, 31), (23, 30), (24, 29), (27, 36), (28, 35)]
Pairs:
 [1, 59, 2, 58, 3, 57, 4, 56, 5, 55, 6, 54, 7, 53, 8, 50, 9, 49, 10, 48, 11, 47, 12, 46, 13, 45, 14, 44, 22, 31, 23, 30, 24, 29, 27, 36, 28, 35]
Dot Bracket:
 .((((((((((((((.......(((..[[)))...]].......)))))))..)))))))................
76


Iteration 3


setting environment up
running sampling algorithm
beginning Burn in iterations

Centroid Structure
Length:
 24
Pairs:
 [(1, 59), (3, 57), (4, 74), (5, 73), (6, 72), (7, 53), (8, 70), (9, 49), (10, 48), (11, 47), (12, 46), (14, 44), (16, 37), (19, 58), (21, 32), (22, 54), (24, 52), (25, 51), (26, 50), (30, 45), (33, 43), (34, 42), (35, 41), (67, 75)]
Pairs:
 [1, 59, 3, 57, 4, 74, 5, 73, 6, 72, 7, 53, 8, 70, 9, 49, 10, 48, 11, 47, 12, 46, 14, 44, 16, 37, 19, 58, 21, 32, 22, 54, 24, 52, 25, 51, 26, 50, 30, 45, 33, 43, 34, 42, 35, 41, 67, 75]
Dot Bracket:
 .(.([[[[(((((.(.(..[.([.[[[...[.)[[[.)...]]])]))))]]]]]..)]).......(..).]]])
76


Iteration 4


setting environment up
running sampling algorithm
beginning Burn in iterations

Centroid Structure
Length:
 15
Pairs:
 [(1, 59), (2, 58), (3, 57), (4, 56), (5, 15), (8, 50), (9, 49), (11, 47), (12, 46), (21, 32), (24, 52), (25, 51), (28, 48), (33, 43), (35, 41)]
Pairs:
 [1, 59, 2, 58, 3, 57, 4, 56, 5, 15, 8, 50, 9, 49, 11, 47, 12, 46, 21, 32, 24, 52, 25, 51, 28, 48, 33, 43, 35, 41]
Dot Bracket:
 .(((((..[[.[[..).....[..((..(...](.(.....).)..]])]]))...))))................
76


Iteration 5


setting environment up
running sampling algorithm
beginning Burn in iterations

Centroid Structure
Length:
 22
Pairs:
 [(1, 59), (2, 58), (3, 57), (4, 56), (5, 55), (6, 54), (7, 53), (8, 50), (9, 49), (10, 48), (11, 47), (12, 46), (13, 45), (14, 44), (20, 34), (21, 32), (22, 31), (23, 30), (24, 29), (33, 43), (35, 40), (61, 66)]
Pairs:
 [1, 59, 2, 58, 3, 57, 4, 56, 5, 55, 6, 54, 7, 53, 8, 50, 9, 49, 10, 48, 11, 47, 12, 46, 13, 45, 14, 44, 20, 34, 21, 32, 22, 31, 23, 30, 24, 29, 33, 43, 35, 40, 61, 66]
Dot Bracket:
 .((((((((((((((.....(((((....))))[)[....]..])))))))..))))))).[....].........
76


Iteration 6


setting environment up
running sampling algorithm
beginning Burn in iterations

Centroid Structure
Length:
 19
Pairs:
 [(1, 59), (2, 58), (3, 57), (4, 56), (5, 55), (6, 54), (7, 53), (9, 49), (10, 48), (11, 47), (12, 46), (13, 45), (14, 44), (19, 36), (20, 34), (21, 32), (22, 31), (23, 30), (24, 29)]
Pairs:
 [1, 59, 2, 58, 3, 57, 4, 56, 5, 55, 6, 54, 7, 53, 9, 49, 10, 48, 11, 47, 12, 46, 13, 45, 14, 44, 19, 36, 20, 34, 21, 32, 22, 31, 23, 30, 24, 29]
Dot Bracket:
 .(((((((.((((((....((((((....)))).).).......))))))...)))))))................
76


Iteration 7


setting environment up
running sampling algorithm
beginning Burn in iterations

Centroid Structure
Length:
 12
Pairs:
 [(1, 59), (2, 58), (3, 57), (4, 56), (5, 55), (6, 54), (7, 53), (10, 48), (13, 45), (33, 43), (34, 42), (35, 41)]
Pairs:
 [1, 59, 2, 58, 3, 57, 4, 56, 5, 55, 6, 54, 7, 53, 10, 48, 13, 45, 33, 43, 34, 42, 35, 41]
Dot Bracket:
 .(((((((..(..(...................(((.....))).)..)....)))))))................
76


Iteration 8


setting environment up
running sampling algorithm
beginning Burn in iterations

Centroid Structure
Length:
 21
Pairs:
 [(1, 59), (2, 58), (3, 57), (4, 56), (5, 55), (6, 54), (7, 53), (8, 50), (9, 49), (10, 48), (11, 47), (12, 46), (13, 45), (14, 44), (20, 34), (21, 32), (22, 31), (23, 30), (24, 29), (35, 41), (61, 66)]
Pairs:
 [1, 59, 2, 58, 3, 57, 4, 56, 5, 55, 6, 54, 7, 53, 8, 50, 9, 49, 10, 48, 11, 47, 12, 46, 13, 45, 14, 44, 20, 34, 21, 32, 22, 31, 23, 30, 24, 29, 35, 41, 61, 66]
Dot Bracket:
 .((((((((((((((.....(((((....)))).)(.....)..)))))))..))))))).(....).........
76


Iteration 9


setting environment up
running sampling algorithm
beginning Burn in iterations

Centroid Structure
Length:
 17
Pairs:
 [(1, 59), (2, 58), (3, 57), (4, 56), (5, 55), (6, 54), (7, 53), (8, 50), (9, 49), (10, 48), (11, 47), (12, 46), (13, 45), (14, 44), (21, 32), (23, 30), (24, 29)]
Pairs:
 [1, 59, 2, 58, 3, 57, 4, 56, 5, 55, 6, 54, 7, 53, 8, 50, 9, 49, 10, 48, 11, 47, 12, 46, 13, 45, 14, 44, 21, 32, 23, 30, 24, 29]
Dot Bracket:
 .((((((((((((((......(.((....)).)...........)))))))..)))))))................
76


Iteration 10


setting environment up
running sampling algorithm
beginning Burn in iterations

Centroid Structure
Length:
 13
Pairs:
 [(1, 59), (2, 58), (3, 57), (4, 56), (5, 55), (6, 54), (7, 53), (8, 50), (9, 49), (10, 48), (11, 47), (12, 46), (21, 32)]
Pairs:
 [1, 59, 2, 58, 3, 57, 4, 56, 5, 55, 6, 54, 7, 53, 8, 50, 9, 49, 10, 48, 11, 47, 12, 46, 21, 32]
Dot Bracket:
 .((((((((((((........(..........).............)))))..)))))))................
76


Iteration 11


setting environment up
running sampling algorithm
beginning Burn in iterations

Centroid Structure
Length:
 19
Pairs:
 [(1, 59), (2, 58), (3, 57), (4, 56), (5, 55), (6, 54), (7, 53), (9, 49), (10, 48), (11, 47), (12, 46), (14, 43), (21, 32), (25, 51), (26, 50), (30, 45), (31, 44), (34, 42), (35, 41)]
Pairs:
 [1, 59, 2, 58, 3, 57, 4, 56, 5, 55, 6, 54, 7, 53, 9, 49, 10, 48, 11, 47, 12, 46, 14, 43, 21, 32, 25, 51, 26, 50, 30, 45, 31, 44, 34, 42, 35, 41]
Dot Bracket:
 .(((((((.((((.(......(...[[...[[).[[.....]])]]))))]].)))))))................
76


Iteration 12


setting environment up
running sampling algorithm
beginning Burn in iterations

Centroid Structure
Length:
 20
Pairs:
 [(1, 59), (2, 58), (3, 57), (4, 56), (5, 55), (6, 54), (7, 53), (8, 50), (9, 49), (10, 48), (11, 47), (12, 46), (13, 44), (14, 43), (15, 42), (16, 35), (21, 32), (22, 31), (23, 30), (24, 29)]
Pairs:
 [1, 59, 2, 58, 3, 57, 4, 56, 5, 55, 6, 54, 7, 53, 8, 50, 9, 49, 10, 48, 11, 47, 12, 46, 13, 44, 14, 43, 15, 42, 16, 35, 21, 32, 22, 31, 23, 30, 24, 29]
Dot Bracket:
 .((((((((((((((((....((((....))))..)......))).)))))..)))))))................
76


Iteration 13


setting environment up
running sampling algorithm
beginning Burn in iterations

Centroid Structure
Length:
 17
Pairs:
 [(1, 59), (2, 58), (3, 57), (4, 56), (5, 55), (6, 54), (7, 53), (8, 50), (9, 49), (10, 48), (11, 47), (12, 46), (13, 45), (14, 44), (21, 32), (34, 42), (35, 41)]
Pairs:
 [1, 59, 2, 58, 3, 57, 4, 56, 5, 55, 6, 54, 7, 53, 8, 50, 9, 49, 10, 48, 11, 47, 12, 46, 13, 45, 14, 44, 21, 32, 34, 42, 35, 41]
Dot Bracket:
 .((((((((((((((......(..........).((.....)).)))))))..)))))))................
76


Iteration 14


setting environment up
running sampling algorithm
beginning Burn in iterations

Centroid Structure
Length:
 18
Pairs:
 [(1, 59), (2, 58), (3, 57), (4, 56), (5, 55), (6, 54), (7, 53), (8, 50), (9, 49), (10, 48), (11, 47), (12, 46), (21, 32), (23, 30), (24, 29), (25, 51), (31, 44), (35, 41)]
Pairs:
 [1, 59, 2, 58, 3, 57, 4, 56, 5, 55, 6, 54, 7, 53, 8, 50, 9, 49, 10, 48, 11, 47, 12, 46, 21, 32, 23, 30, 24, 29, 25, 51, 31, 44, 35, 41]
Dot Bracket:
 .((((((((((((........(.(([...))[)..[.....]..].)))))].)))))))................
76


Iteration 15


setting environment up
running sampling algorithm
beginning Burn in iterations

Centroid Structure
Length:
 19
Pairs:
 [(1, 59), (2, 58), (3, 57), (4, 56), (5, 55), (8, 50), (9, 49), (11, 47), (12, 46), (13, 45), (14, 44), (22, 31), (23, 53), (24, 29), (25, 51), (28, 48), (35, 41), (36, 43), (37, 42)]
Pairs:
 [1, 59, 2, 58, 3, 57, 4, 56, 5, 55, 8, 50, 9, 49, 11, 47, 12, 46, 13, 45, 14, 44, 22, 31, 23, 53, 24, 29, 25, 51, 28, 48, 35, 41, 36, 43, 37, 42]
Dot Bracket:
 .(((((..((.((((.......([[(..[].)...([[...)]]))))]))).].)))))................
76


Iteration 16


setting environment up
running sampling algorithm
beginning Burn in iterations

Centroid Structure
Length:
 21
Pairs:
 [(1, 59), (2, 58), (3, 57), (4, 74), (5, 73), (6, 72), (7, 53), (9, 49), (10, 48), (12, 46), (13, 45), (14, 44), (16, 43), (20, 32), (22, 30), (24, 52), (25, 51), (26, 50), (29, 47), (34, 41), (35, 40)]
Pairs:
 [1, 59, 2, 58, 3, 57, 4, 74, 5, 73, 6, 72, 7, 53, 9, 49, 10, 48, 12, 46, 13, 45, 14, 44, 16, 43, 20, 32, 22, 30, 24, 52, 25, 51, 26, 50, 29, 47, 34, 41, 35, 40]
Dot Bracket:
 .((([[[[.[[.[[[.[...[.[.(((..(].].((....)).]]]])]])))]...)))............]]].
76


Iteration 17


setting environment up
running sampling algorithm
beginning Burn in iterations

Centroid Structure
Length:
 17
Pairs:
 [(1, 59), (2, 58), (3, 57), (4, 56), (5, 55), (6, 54), (7, 53), (11, 47), (12, 46), (14, 43), (21, 32), (25, 51), (26, 50), (27, 49), (28, 48), (31, 44), (35, 41)]
Pairs:
 [1, 59, 2, 58, 3, 57, 4, 56, 5, 55, 6, 54, 7, 53, 11, 47, 12, 46, 14, 43, 21, 32, 25, 51, 26, 50, 27, 49, 28, 48, 31, 44, 35, 41]
Dot Bracket:
 .(((((((...((.(......(...[[[[..[)..[.....].)].))]]]].)))))))................
76


Iteration 18


setting environment up
running sampling algorithm
beginning Burn in iterations

Centroid Structure
Length:
 17
Pairs:
 [(1, 59), (2, 58), (3, 57), (4, 56), (5, 55), (6, 54), (8, 50), (9, 49), (10, 48), (12, 46), (13, 45), (14, 44), (16, 43), (22, 42), (24, 40), (25, 51), (29, 47)]
Pairs:
 [1, 59, 2, 58, 3, 57, 4, 56, 5, 55, 6, 54, 8, 50, 9, 49, 10, 48, 12, 46, 13, 45, 14, 44, 16, 43, 22, 42, 24, 40, 25, 51, 29, 47]
Dot Bracket:
 .((((((.(((.(((.(.....(.([...[..........).)))))])))]..))))))................
76


Iteration 19


setting environment up
running sampling algorithm
beginning Burn in iterations

Centroid Structure
Length:
 14
Pairs:
 [(1, 59), (2, 58), (3, 57), (4, 56), (5, 55), (6, 54), (7, 53), (8, 50), (9, 49), (10, 48), (11, 47), (12, 46), (21, 32), (25, 51)]
Pairs:
 [1, 59, 2, 58, 3, 57, 4, 56, 5, 55, 6, 54, 7, 53, 8, 50, 9, 49, 10, 48, 11, 47, 12, 46, 21, 32, 25, 51]
Dot Bracket:
 .((((((((((((........(...[......).............)))))].)))))))................
76
