Iteration 0

setting environment up
running sfold binary

Sfold Executable Code for Academic Users, Version 2.2-20110126
 Running partition function and statistical sampling module... done
 (general output in /home/chris/devtree/pseudoKnot_research/output/sfold.out)
 Running structure clustering module... done
 (general output in /home/chris/devtree/pseudoKnot_research/output/sclass.out)
Process completed. See output files in '/home/chris/devtree/pseudoKnot_research/output'.

running sampling algorithm
beginning Burn in iterations

Centroid Structure
Length:
 18
Pairs:
 [(0, 59), (1, 40), (2, 39), (3, 38), (4, 37), (5, 36), (6, 35), (7, 34), (12, 28), (14, 27), (15, 26), (16, 25), (17, 24), (18, 23), (43, 55), (44, 54), (45, 52), (46, 51)]
Pairs:
 [0, 59, 1, 40, 2, 39, 3, 38, 4, 37, 5, 36, 6, 35, 7, 34, 12, 28, 14, 27, 15, 26, 16, 25, 17, 24, 18, 23, 43, 55, 44, 54, 45, 52, 46, 51]
Dot Bracket:
 ((((((((....(.(((((....)))))).....)))))))..((((....)).))...)..
62


Iteration 1


setting environment up
running sampling algorithm
beginning Burn in iterations

Centroid Structure
Length:
 18
Pairs:
 [(1, 40), (2, 39), (3, 38), (4, 37), (5, 36), (6, 35), (7, 34), (14, 27), (15, 26), (16, 25), (17, 24), (18, 23), (41, 57), (42, 56), (43, 55), (44, 53), (45, 52), (46, 51)]
Pairs:
 [1, 40, 2, 39, 3, 38, 4, 37, 5, 36, 6, 35, 7, 34, 14, 27, 15, 26, 16, 25, 17, 24, 18, 23, 41, 57, 42, 56, 43, 55, 44, 53, 45, 52, 46, 51]
Dot Bracket:
 .(((((((......(((((....)))))......)))))))((((((....))).)))....
62


Iteration 2


setting environment up
running sampling algorithm
beginning Burn in iterations

Centroid Structure
Length:
 20
Pairs:
 [(3, 38), (4, 37), (5, 36), (6, 35), (7, 34), (10, 33), (11, 32), (12, 31), (14, 27), (15, 26), (16, 25), (17, 24), (18, 23), (39, 59), (40, 58), (41, 57), (42, 56), (43, 55), (44, 54), (45, 53)]
Pairs:
 [3, 38, 4, 37, 5, 36, 6, 35, 7, 34, 10, 33, 11, 32, 12, 31, 14, 27, 15, 26, 16, 25, 17, 24, 18, 23, 39, 59, 40, 58, 41, 57, 42, 56, 43, 55, 44, 54, 45, 53]
Dot Bracket:
 ...(((((..(((.(((((....)))))...))))))))(((((((.......)))))))..
62


Iteration 3


setting environment up
running sampling algorithm
beginning Burn in iterations

Centroid Structure
Length:
 17
Pairs:
 [(1, 40), (2, 39), (3, 38), (4, 37), (5, 36), (6, 35), (7, 34), (14, 27), (15, 26), (16, 25), (17, 24), (18, 23), (41, 57), (42, 56), (43, 55), (44, 54), (45, 53)]
Pairs:
 [1, 40, 2, 39, 3, 38, 4, 37, 5, 36, 6, 35, 7, 34, 14, 27, 15, 26, 16, 25, 17, 24, 18, 23, 41, 57, 42, 56, 43, 55, 44, 54, 45, 53]
Dot Bracket:
 .(((((((......(((((....)))))......)))))))(((((.......)))))....
62


Iteration 4


setting environment up
running sampling algorithm
beginning Burn in iterations

Centroid Structure
Length:
 21
Pairs:
 [(2, 39), (3, 38), (4, 37), (5, 36), (6, 35), (7, 34), (9, 33), (10, 32), (12, 31), (14, 27), (15, 26), (16, 25), (17, 24), (18, 23), (40, 58), (41, 57), (42, 56), (43, 55), (44, 54), (45, 52), (46, 51)]
Pairs:
 [2, 39, 3, 38, 4, 37, 5, 36, 6, 35, 7, 34, 9, 33, 10, 32, 12, 31, 14, 27, 15, 26, 16, 25, 17, 24, 18, 23, 40, 58, 41, 57, 42, 56, 43, 55, 44, 54, 45, 52, 46, 51]
Dot Bracket:
 ..((((((.((.(.(((((....)))))...)))))))))(((((((....)).)))))...
62


Iteration 5


setting environment up
running sampling algorithm
beginning Burn in iterations

Centroid Structure
Length:
 19
Pairs:
 [(1, 40), (2, 39), (3, 38), (4, 37), (5, 36), (6, 35), (7, 34), (12, 28), (14, 27), (15, 26), (16, 25), (17, 24), (18, 23), (41, 57), (42, 56), (43, 55), (44, 54), (45, 53), (46, 51)]
Pairs:
 [1, 40, 2, 39, 3, 38, 4, 37, 5, 36, 6, 35, 7, 34, 12, 28, 14, 27, 15, 26, 16, 25, 17, 24, 18, 23, 41, 57, 42, 56, 43, 55, 44, 54, 45, 53, 46, 51]
Dot Bracket:
 .(((((((....(.(((((....)))))).....)))))))((((((....).)))))....
62


Iteration 6


setting environment up
running sampling algorithm
beginning Burn in iterations

Centroid Structure
Length:
 20
Pairs:
 [(3, 38), (4, 37), (5, 36), (6, 35), (8, 34), (9, 33), (11, 32), (12, 31), (14, 27), (15, 26), (16, 25), (17, 24), (18, 23), (39, 59), (40, 58), (41, 57), (42, 56), (43, 55), (44, 54), (45, 53)]
Pairs:
 [3, 38, 4, 37, 5, 36, 6, 35, 8, 34, 9, 33, 11, 32, 12, 31, 14, 27, 15, 26, 16, 25, 17, 24, 18, 23, 39, 59, 40, 58, 41, 57, 42, 56, 43, 55, 44, 54, 45, 53]
Dot Bracket:
 ...((((.((.((.(((((....)))))...))))))))(((((((.......)))))))..
62


Iteration 7


setting environment up
running sampling algorithm
beginning Burn in iterations

Centroid Structure
Length:
 16
Pairs:
 [(1, 40), (2, 39), (3, 38), (4, 37), (5, 36), (6, 35), (7, 34), (14, 27), (15, 26), (16, 25), (17, 24), (18, 23), (42, 56), (43, 55), (44, 54), (45, 53)]
Pairs:
 [1, 40, 2, 39, 3, 38, 4, 37, 5, 36, 6, 35, 7, 34, 14, 27, 15, 26, 16, 25, 17, 24, 18, 23, 42, 56, 43, 55, 44, 54, 45, 53]
Dot Bracket:
 .(((((((......(((((....)))))......))))))).((((.......)))).....
62


Iteration 8


setting environment up
running sampling algorithm
beginning Burn in iterations

Centroid Structure
Length:
 20
Pairs:
 [(1, 40), (2, 39), (3, 38), (4, 37), (5, 36), (6, 35), (7, 34), (10, 33), (11, 32), (12, 31), (14, 27), (15, 26), (16, 25), (17, 24), (18, 23), (41, 57), (42, 56), (43, 55), (45, 52), (46, 51)]
Pairs:
 [1, 40, 2, 39, 3, 38, 4, 37, 5, 36, 6, 35, 7, 34, 10, 33, 11, 32, 12, 31, 14, 27, 15, 26, 16, 25, 17, 24, 18, 23, 41, 57, 42, 56, 43, 55, 45, 52, 46, 51]
Dot Bracket:
 .(((((((..(((.(((((....)))))...))))))))))(((.((....))..)))....
62


Iteration 9


setting environment up
running sampling algorithm
beginning Burn in iterations

Centroid Structure
Length:
 17
Pairs:
 [(2, 39), (3, 38), (4, 37), (5, 36), (6, 35), (7, 34), (14, 27), (15, 26), (16, 25), (17, 24), (18, 23), (40, 58), (41, 57), (42, 56), (43, 55), (44, 54), (45, 53)]
Pairs:
 [2, 39, 3, 38, 4, 37, 5, 36, 6, 35, 7, 34, 14, 27, 15, 26, 16, 25, 17, 24, 18, 23, 40, 58, 41, 57, 42, 56, 43, 55, 44, 54, 45, 53]
Dot Bracket:
 ..((((((......(((((....)))))......))))))((((((.......))))))...
62


Iteration 10


setting environment up
running sampling algorithm
beginning Burn in iterations

Centroid Structure
Length:
 18
Pairs:
 [(1, 40), (2, 39), (3, 38), (4, 37), (5, 36), (6, 35), (7, 34), (12, 28), (14, 27), (15, 26), (16, 25), (17, 24), (18, 23), (41, 57), (42, 56), (43, 55), (44, 54), (45, 53)]
Pairs:
 [1, 40, 2, 39, 3, 38, 4, 37, 5, 36, 6, 35, 7, 34, 12, 28, 14, 27, 15, 26, 16, 25, 17, 24, 18, 23, 41, 57, 42, 56, 43, 55, 44, 54, 45, 53]
Dot Bracket:
 .(((((((....(.(((((....)))))).....)))))))(((((.......)))))....
62


Iteration 11


setting environment up
running sampling algorithm
beginning Burn in iterations

Centroid Structure
Length:
 19
Pairs:
 [(2, 39), (3, 38), (4, 37), (5, 36), (6, 35), (7, 34), (9, 33), (10, 32), (14, 27), (15, 26), (16, 25), (17, 24), (18, 23), (40, 58), (41, 57), (42, 56), (43, 55), (44, 54), (45, 53)]
Pairs:
 [2, 39, 3, 38, 4, 37, 5, 36, 6, 35, 7, 34, 9, 33, 10, 32, 14, 27, 15, 26, 16, 25, 17, 24, 18, 23, 40, 58, 41, 57, 42, 56, 43, 55, 44, 54, 45, 53]
Dot Bracket:
 ..((((((.((...(((((....)))))....))))))))((((((.......))))))...
62


Iteration 12


setting environment up
running sampling algorithm
beginning Burn in iterations

Centroid Structure
Length:
 19
Pairs:
 [(1, 40), (2, 39), (3, 38), (4, 37), (5, 36), (6, 35), (7, 34), (12, 28), (14, 27), (15, 26), (16, 25), (17, 24), (18, 23), (41, 57), (42, 56), (43, 55), (44, 54), (45, 53), (46, 51)]
Pairs:
 [1, 40, 2, 39, 3, 38, 4, 37, 5, 36, 6, 35, 7, 34, 12, 28, 14, 27, 15, 26, 16, 25, 17, 24, 18, 23, 41, 57, 42, 56, 43, 55, 44, 54, 45, 53, 46, 51]
Dot Bracket:
 .(((((((....(.(((((....)))))).....)))))))((((((....).)))))....
62


Iteration 13


setting environment up
running sampling algorithm
beginning Burn in iterations

Centroid Structure
Length:
 20
Pairs:
 [(2, 39), (3, 38), (4, 37), (5, 36), (6, 35), (7, 34), (9, 33), (10, 32), (12, 31), (14, 27), (15, 26), (16, 25), (17, 24), (18, 23), (40, 58), (41, 57), (42, 56), (43, 55), (44, 54), (45, 53)]
Pairs:
 [2, 39, 3, 38, 4, 37, 5, 36, 6, 35, 7, 34, 9, 33, 10, 32, 12, 31, 14, 27, 15, 26, 16, 25, 17, 24, 18, 23, 40, 58, 41, 57, 42, 56, 43, 55, 44, 54, 45, 53]
Dot Bracket:
 ..((((((.((.(.(((((....)))))...)))))))))((((((.......))))))...
62


Iteration 14


setting environment up
running sampling algorithm
beginning Burn in iterations

Centroid Structure
Length:
 19
Pairs:
 [(0, 59), (2, 39), (3, 38), (4, 37), (5, 36), (6, 35), (7, 34), (14, 27), (15, 26), (16, 25), (17, 24), (18, 23), (40, 58), (41, 57), (42, 56), (43, 55), (44, 54), (45, 53), (46, 51)]
Pairs:
 [0, 59, 2, 39, 3, 38, 4, 37, 5, 36, 6, 35, 7, 34, 14, 27, 15, 26, 16, 25, 17, 24, 18, 23, 40, 58, 41, 57, 42, 56, 43, 55, 44, 54, 45, 53, 46, 51]
Dot Bracket:
 (.((((((......(((((....)))))......))))))(((((((....).)))))))..
62


Iteration 15


setting environment up
running sampling algorithm
beginning Burn in iterations

Centroid Structure
Length:
 16
Pairs:
 [(3, 38), (4, 37), (5, 36), (6, 35), (7, 34), (14, 27), (15, 26), (16, 25), (17, 24), (18, 23), (40, 58), (41, 57), (42, 56), (43, 55), (44, 54), (45, 53)]
Pairs:
 [3, 38, 4, 37, 5, 36, 6, 35, 7, 34, 14, 27, 15, 26, 16, 25, 17, 24, 18, 23, 40, 58, 41, 57, 42, 56, 43, 55, 44, 54, 45, 53]
Dot Bracket:
 ...(((((......(((((....)))))......))))).((((((.......))))))...
62


Iteration 16


setting environment up
running sampling algorithm
beginning Burn in iterations

Centroid Structure
Length:
 19
Pairs:
 [(1, 40), (2, 39), (3, 38), (4, 37), (5, 36), (6, 35), (7, 34), (9, 33), (10, 32), (14, 27), (15, 26), (16, 25), (17, 24), (18, 23), (41, 57), (42, 56), (43, 55), (44, 54), (45, 53)]
Pairs:
 [1, 40, 2, 39, 3, 38, 4, 37, 5, 36, 6, 35, 7, 34, 9, 33, 10, 32, 14, 27, 15, 26, 16, 25, 17, 24, 18, 23, 41, 57, 42, 56, 43, 55, 44, 54, 45, 53]
Dot Bracket:
 .(((((((.((...(((((....)))))....)))))))))(((((.......)))))....
62


Iteration 17


setting environment up
running sampling algorithm
beginning Burn in iterations

Centroid Structure
Length:
 17
Pairs:
 [(2, 39), (3, 38), (4, 37), (5, 36), (6, 35), (7, 34), (14, 27), (15, 26), (16, 25), (17, 24), (18, 23), (40, 58), (41, 57), (42, 56), (43, 55), (44, 54), (45, 53)]
Pairs:
 [2, 39, 3, 38, 4, 37, 5, 36, 6, 35, 7, 34, 14, 27, 15, 26, 16, 25, 17, 24, 18, 23, 40, 58, 41, 57, 42, 56, 43, 55, 44, 54, 45, 53]
Dot Bracket:
 ..((((((......(((((....)))))......))))))((((((.......))))))...
62


Iteration 18


setting environment up
running sampling algorithm
beginning Burn in iterations

Centroid Structure
Length:
 21
Pairs:
 [(1, 40), (2, 39), (3, 38), (4, 37), (5, 36), (6, 35), (7, 34), (9, 33), (11, 32), (12, 31), (14, 27), (15, 26), (16, 25), (17, 24), (18, 23), (41, 57), (42, 56), (43, 55), (44, 53), (45, 52), (46, 51)]
Pairs:
 [1, 40, 2, 39, 3, 38, 4, 37, 5, 36, 6, 35, 7, 34, 9, 33, 11, 32, 12, 31, 14, 27, 15, 26, 16, 25, 17, 24, 18, 23, 41, 57, 42, 56, 43, 55, 44, 53, 45, 52, 46, 51]
Dot Bracket:
 .(((((((.(.((.(((((....)))))...))))))))))((((((....))).)))....
62


Iteration 19


setting environment up
running sampling algorithm
beginning Burn in iterations

Centroid Structure
Length:
 19
Pairs:
 [(2, 39), (3, 38), (4, 37), (5, 36), (6, 35), (7, 34), (9, 32), (12, 28), (14, 27), (15, 26), (16, 25), (17, 24), (18, 23), (40, 58), (41, 59), (42, 56), (43, 55), (44, 54), (45, 53)]
Pairs:
 [2, 39, 3, 38, 4, 37, 5, 36, 6, 35, 7, 34, 9, 32, 12, 28, 14, 27, 15, 26, 16, 25, 17, 24, 18, 23, 40, 58, 41, 59, 42, 56, 43, 55, 44, 54, 45, 53]
Dot Bracket:
 ..((((((.(..(.(((((....))))))...).))))))([[[[[.......]]]].)]..
62
