Iteration 0

setting environment up
running sfold binary

Sfold Executable Code for Academic Users, Version 2.2-20110126
 Running partition function and statistical sampling module... done
 (general output in /home/chris/devtree/pseudoKnot_research/output/sfold.out)
 Running structure clustering module... done
 (general output in /home/chris/devtree/pseudoKnot_research/output/sclass.out)
Process completed. See output files in '/home/chris/devtree/pseudoKnot_research/output'.

running sampling algorithm
beginning Burn in iterations

Centroid Structure
Length:
 21
Pairs:
 [(1, 70), (2, 69), (3, 68), (4, 67), (5, 66), (6, 65), (7, 64), (8, 63), (9, 62), (11, 61), (12, 59), (16, 57), (17, 56), (18, 55), (19, 54), (20, 53), (21, 52), (22, 51), (23, 50), (24, 49), (31, 40)]
Pairs:
 [1, 70, 2, 69, 3, 68, 4, 67, 5, 66, 6, 65, 7, 64, 8, 63, 9, 62, 11, 61, 12, 59, 16, 57, 17, 56, 18, 55, 19, 54, 20, 53, 21, 52, 22, 51, 23, 50, 24, 49, 31, 40]
Dot Bracket:
 .(((((((((.((...(((((((((......(........)........))))))))).).))))))))))............
83


Iteration 1


setting environment up
running sampling algorithm
beginning Burn in iterations

Centroid Structure
Length:
 27
Pairs:
 [(1, 70), (2, 69), (3, 68), (4, 67), (5, 66), (6, 65), (7, 64), (8, 63), (9, 62), (10, 60), (11, 61), (12, 59), (14, 58), (16, 57), (17, 56), (18, 55), (19, 54), (20, 53), (21, 52), (22, 51), (23, 50), (24, 49), (30, 45), (31, 44), (32, 43), (34, 40), (36, 41)]
Pairs:
 [1, 70, 2, 69, 3, 68, 4, 67, 5, 66, 6, 65, 7, 64, 8, 63, 9, 62, 10, 60, 11, 61, 12, 59, 14, 58, 16, 57, 17, 56, 18, 55, 19, 54, 20, 53, 21, 52, 22, 51, 23, 50, 24, 49, 30, 45, 31, 44, 32, 43, 34, 40, 36, 41]
Dot Bracket:
 .(((((((((([[.[.[[[[[[[[[.....[[[.[.(...]).]]]...]]]]]]]]]]])])))))))))............
83


Iteration 2


setting environment up
running sampling algorithm
beginning Burn in iterations

Centroid Structure
Length:
 22
Pairs:
 [(1, 70), (2, 69), (3, 68), (4, 67), (5, 66), (6, 65), (7, 64), (8, 63), (9, 62), (11, 61), (12, 59), (15, 58), (16, 57), (17, 56), (18, 55), (19, 54), (20, 53), (21, 52), (22, 51), (23, 50), (24, 49), (30, 41)]
Pairs:
 [1, 70, 2, 69, 3, 68, 4, 67, 5, 66, 6, 65, 7, 64, 8, 63, 9, 62, 11, 61, 12, 59, 15, 58, 16, 57, 17, 56, 18, 55, 19, 54, 20, 53, 21, 52, 22, 51, 23, 50, 24, 49, 30, 41]
Dot Bracket:
 .(((((((((.((..((((((((((.....(..........).......))))))))))).))))))))))............
83


Iteration 3


setting environment up
running sampling algorithm
beginning Burn in iterations

Centroid Structure
Length:
 20
Pairs:
 [(1, 70), (2, 69), (3, 68), (4, 67), (5, 66), (6, 65), (7, 64), (8, 63), (9, 62), (10, 60), (12, 59), (17, 56), (18, 55), (19, 54), (20, 53), (21, 52), (22, 51), (23, 50), (24, 49), (27, 45)]
Pairs:
 [1, 70, 2, 69, 3, 68, 4, 67, 5, 66, 6, 65, 7, 64, 8, 63, 9, 62, 10, 60, 12, 59, 17, 56, 18, 55, 19, 54, 20, 53, 21, 52, 22, 51, 23, 50, 24, 49, 27, 45]
Dot Bracket:
 .((((((((((.(....((((((((..(.................)...))))))))..)).)))))))))............
83


Iteration 4


setting environment up
running sampling algorithm
beginning Burn in iterations

Centroid Structure
Length:
 27
Pairs:
 [(1, 70), (2, 69), (3, 68), (4, 67), (5, 66), (6, 65), (7, 64), (8, 63), (9, 61), (10, 60), (12, 59), (14, 58), (16, 57), (17, 56), (18, 55), (19, 54), (20, 53), (21, 52), (22, 51), (23, 50), (26, 46), (27, 45), (31, 38), (32, 37), (34, 43), (35, 42), (36, 41)]
Pairs:
 [1, 70, 2, 69, 3, 68, 4, 67, 5, 66, 6, 65, 7, 64, 8, 63, 9, 61, 10, 60, 12, 59, 14, 58, 16, 57, 17, 56, 18, 55, 19, 54, 20, 53, 21, 52, 22, 51, 23, 50, 26, 46, 27, 45, 31, 38, 32, 37, 34, 43, 35, 42, 36, 41]
Dot Bracket:
 .((((((((((.(.(.((((((((..((...((.[[[))..]]].))...)))))))))))).))))))))............
83


Iteration 5


setting environment up
running sampling algorithm
beginning Burn in iterations

Centroid Structure
Length:
 25
Pairs:
 [(1, 70), (2, 69), (3, 68), (4, 67), (5, 66), (6, 65), (7, 64), (8, 63), (9, 62), (10, 60), (12, 59), (15, 58), (16, 57), (17, 56), (18, 55), (19, 54), (20, 53), (21, 52), (22, 51), (23, 50), (24, 49), (32, 44), (34, 43), (35, 42), (36, 41)]
Pairs:
 [1, 70, 2, 69, 3, 68, 4, 67, 5, 66, 6, 65, 7, 64, 8, 63, 9, 62, 10, 60, 12, 59, 15, 58, 16, 57, 17, 56, 18, 55, 19, 54, 20, 53, 21, 52, 22, 51, 23, 50, 24, 49, 32, 44, 34, 43, 35, 42, 36, 41]
Dot Bracket:
 .((((((((((.(..((((((((((.......(.(((....))))....)))))))))))).)))))))))............
83


Iteration 6


setting environment up
running sampling algorithm
beginning Burn in iterations

Centroid Structure
Length:
 23
Pairs:
 [(1, 73), (2, 69), (3, 68), (4, 67), (5, 66), (6, 65), (7, 64), (9, 62), (10, 63), (14, 58), (16, 57), (17, 56), (18, 55), (19, 54), (20, 53), (21, 52), (22, 51), (23, 50), (24, 49), (26, 46), (27, 45), (30, 41), (31, 40)]
Pairs:
 [1, 73, 2, 69, 3, 68, 4, 67, 5, 66, 6, 65, 7, 64, 9, 62, 10, 63, 14, 58, 16, 57, 17, 56, 18, 55, 19, 54, 20, 53, 21, 52, 22, 51, 23, 50, 24, 49, 26, 46, 27, 45, 30, 41, 31, 40]
Dot Bracket:
 .(((((((.([...[.[[[[[[[[[.[[..[[........]]...]]..]]]]]]]]]]...)]))))))...).........
83


Iteration 7


setting environment up
running sampling algorithm
beginning Burn in iterations

Centroid Structure
Length:
 24
Pairs:
 [(1, 70), (2, 69), (3, 68), (4, 67), (5, 66), (6, 65), (7, 64), (8, 63), (9, 62), (11, 59), (14, 58), (16, 57), (17, 56), (18, 55), (19, 54), (20, 53), (21, 52), (22, 51), (24, 49), (26, 46), (27, 45), (30, 41), (33, 40), (34, 39)]
Pairs:
 [1, 70, 2, 69, 3, 68, 4, 67, 5, 66, 6, 65, 7, 64, 8, 63, 9, 62, 11, 59, 14, 58, 16, 57, 17, 56, 18, 55, 19, 54, 20, 53, 21, 52, 22, 51, 24, 49, 26, 46, 27, 45, 30, 41, 33, 40, 34, 39]
Dot Bracket:
 .(((((((((.(..(.(((((((.(.((..(..((....)))...))..).)))))))))..)))))))))............
83


Iteration 8


setting environment up
running sampling algorithm
beginning Burn in iterations

Centroid Structure
Length:
 26
Pairs:
 [(1, 70), (2, 69), (3, 68), (4, 67), (5, 66), (6, 65), (7, 64), (8, 63), (9, 62), (11, 59), (13, 60), (14, 58), (16, 57), (17, 56), (18, 55), (19, 54), (20, 53), (21, 52), (22, 51), (23, 49), (24, 48), (26, 46), (27, 45), (31, 40), (33, 38), (34, 39)]
Pairs:
 [1, 70, 2, 69, 3, 68, 4, 67, 5, 66, 6, 65, 7, 64, 8, 63, 9, 62, 11, 59, 13, 60, 14, 58, 16, 57, 17, 56, 18, 55, 19, 54, 20, 53, 21, 52, 22, 51, 23, 49, 24, 48, 26, 46, 27, 45, 31, 40, 33, 38, 34, 39]
Dot Bracket:
 .(((((((((.(.[[.[[[[[[[[[.[[...[.[(...])]....]].]].]]]]]]]])].)))))))))............
83


Iteration 9


setting environment up
running sampling algorithm
beginning Burn in iterations

Centroid Structure
Length:
 22
Pairs:
 [(1, 70), (2, 69), (3, 68), (4, 67), (5, 66), (6, 65), (7, 64), (8, 63), (9, 62), (14, 58), (16, 57), (17, 56), (18, 55), (19, 54), (20, 53), (21, 52), (22, 51), (27, 45), (29, 42), (30, 41), (31, 40), (32, 39)]
Pairs:
 [1, 70, 2, 69, 3, 68, 4, 67, 5, 66, 6, 65, 7, 64, 8, 63, 9, 62, 14, 58, 16, 57, 17, 56, 18, 55, 19, 54, 20, 53, 21, 52, 22, 51, 27, 45, 29, 42, 30, 41, 31, 40, 32, 39]
Dot Bracket:
 .(((((((((....(.(((((((....(.((((......))))..).....))))))))...)))))))))............
83


Iteration 10


setting environment up
running sampling algorithm
beginning Burn in iterations

Centroid Structure
Length:
 21
Pairs:
 [(1, 70), (2, 69), (3, 68), (4, 67), (5, 66), (6, 65), (7, 64), (8, 63), (9, 61), (15, 58), (16, 57), (17, 56), (18, 55), (19, 54), (20, 53), (21, 52), (22, 51), (23, 50), (24, 49), (33, 40), (34, 39)]
Pairs:
 [1, 70, 2, 69, 3, 68, 4, 67, 5, 66, 6, 65, 7, 64, 8, 63, 9, 61, 15, 58, 16, 57, 17, 56, 18, 55, 19, 54, 20, 53, 21, 52, 22, 51, 23, 50, 24, 49, 33, 40, 34, 39]
Dot Bracket:
 .(((((((((.....((((((((((........((....))........))))))))))..).))))))))............
83


Iteration 11


setting environment up
running sampling algorithm
beginning Burn in iterations

Centroid Structure
Length:
 25
Pairs:
 [(1, 73), (2, 72), (3, 68), (4, 67), (5, 66), (6, 65), (7, 64), (8, 63), (9, 62), (11, 61), (15, 58), (16, 57), (17, 56), (18, 55), (19, 54), (20, 53), (21, 52), (22, 51), (23, 50), (24, 48), (26, 47), (27, 45), (30, 41), (33, 40), (34, 39)]
Pairs:
 [1, 73, 2, 72, 3, 68, 4, 67, 5, 66, 6, 65, 7, 64, 8, 63, 9, 62, 11, 61, 15, 58, 16, 57, 17, 56, 18, 55, 19, 54, 20, 53, 21, 52, 22, 51, 23, 50, 24, 48, 26, 47, 27, 45, 30, 41, 33, 40, 34, 39]
Dot Bracket:
 .(((((((((.(...((((((((((.((..(..((....)))...).)).)))))))))..))))))))...)).........
83


Iteration 12


setting environment up
running sampling algorithm
beginning Burn in iterations

Centroid Structure
Length:
 21
Pairs:
 [(1, 70), (2, 69), (3, 68), (4, 67), (5, 66), (6, 65), (7, 64), (8, 63), (9, 62), (11, 61), (12, 59), (14, 58), (16, 57), (17, 56), (18, 55), (19, 54), (20, 53), (21, 52), (22, 51), (23, 50), (24, 49)]
Pairs:
 [1, 70, 2, 69, 3, 68, 4, 67, 5, 66, 6, 65, 7, 64, 8, 63, 9, 62, 11, 61, 12, 59, 14, 58, 16, 57, 17, 56, 18, 55, 19, 54, 20, 53, 21, 52, 22, 51, 23, 50, 24, 49]
Dot Bracket:
 .(((((((((.((.(.(((((((((........................))))))))))).))))))))))............
83


Iteration 13


setting environment up
running sampling algorithm
beginning Burn in iterations

Centroid Structure
Length:
 25
Pairs:
 [(1, 70), (2, 69), (3, 68), (4, 67), (5, 66), (6, 65), (7, 64), (8, 63), (9, 61), (10, 60), (11, 59), (14, 58), (15, 57), (17, 56), (18, 55), (19, 54), (20, 53), (21, 52), (22, 51), (23, 50), (24, 49), (26, 46), (27, 45), (32, 39), (33, 40)]
Pairs:
 [1, 70, 2, 69, 3, 68, 4, 67, 5, 66, 6, 65, 7, 64, 8, 63, 9, 61, 10, 60, 11, 59, 14, 58, 15, 57, 17, 56, 18, 55, 19, 54, 20, 53, 21, 52, 22, 51, 23, 50, 24, 49, 26, 46, 27, 45, 32, 39, 33, 40]
Dot Bracket:
 .(((((((((((..((.((((((((.((....([.....)]....))..))))))))))))).))))))))............
83


Iteration 14


setting environment up
running sampling algorithm
beginning Burn in iterations

Centroid Structure
Length:
 23
Pairs:
 [(1, 70), (2, 69), (3, 68), (4, 67), (5, 66), (6, 65), (7, 64), (8, 63), (11, 59), (14, 58), (15, 57), (17, 56), (18, 55), (19, 54), (20, 53), (21, 52), (22, 51), (23, 50), (24, 49), (26, 46), (27, 45), (33, 40), (34, 39)]
Pairs:
 [1, 70, 2, 69, 3, 68, 4, 67, 5, 66, 6, 65, 7, 64, 8, 63, 11, 59, 14, 58, 15, 57, 17, 56, 18, 55, 19, 54, 20, 53, 21, 52, 22, 51, 23, 50, 24, 49, 26, 46, 27, 45, 33, 40, 34, 39]
Dot Bracket:
 .((((((((..(..((.((((((((.((.....((....))....))..)))))))))))...))))))))............
83


Iteration 15


setting environment up
running sampling algorithm
beginning Burn in iterations

Centroid Structure
Length:
 20
Pairs:
 [(1, 70), (2, 69), (3, 68), (4, 67), (5, 66), (6, 65), (7, 64), (8, 63), (9, 62), (11, 61), (16, 57), (17, 56), (18, 55), (19, 54), (20, 53), (21, 52), (22, 51), (23, 50), (24, 49), (34, 39)]
Pairs:
 [1, 70, 2, 69, 3, 68, 4, 67, 5, 66, 6, 65, 7, 64, 8, 63, 9, 62, 11, 61, 16, 57, 17, 56, 18, 55, 19, 54, 20, 53, 21, 52, 22, 51, 23, 50, 24, 49, 34, 39]
Dot Bracket:
 .(((((((((.(....(((((((((.........(....).........)))))))))...))))))))))............
83


Iteration 16


setting environment up
running sampling algorithm
beginning Burn in iterations

Centroid Structure
Length:
 26
Pairs:
 [(2, 17), (3, 68), (6, 65), (7, 64), (8, 63), (10, 60), (15, 57), (18, 55), (19, 54), (20, 53), (21, 52), (23, 50), (24, 49), (26, 47), (32, 44), (35, 79), (36, 78), (37, 77), (38, 76), (39, 75), (40, 74), (41, 72), (42, 71), (43, 70), (46, 67), (51, 61)]
Pairs:
 [2, 17, 3, 68, 6, 65, 7, 64, 8, 63, 10, 60, 15, 57, 18, 55, 19, 54, 20, 53, 21, 52, 23, 50, 24, 49, 26, 47, 32, 44, 35, 79, 36, 78, 37, 77, 38, 76, 39, 75, 40, 74, 41, 72, 42, 71, 43, 70, 46, 67, 51, 61]
Dot Bracket:
 ..([..[[[.[....[.)[[[[.[[.[.....[..(((((((((].(].]](]]]].]..]).]]].)].))).))))))...
83


Iteration 17


setting environment up
running sampling algorithm
beginning Burn in iterations

Centroid Structure
Length:
 24
Pairs:
 [(1, 70), (2, 69), (3, 68), (4, 67), (5, 66), (6, 65), (7, 64), (8, 63), (9, 61), (10, 60), (14, 58), (17, 56), (18, 55), (19, 54), (20, 53), (21, 52), (22, 51), (23, 50), (24, 49), (26, 47), (30, 41), (31, 40), (32, 39), (33, 38)]
Pairs:
 [1, 70, 2, 69, 3, 68, 4, 67, 5, 66, 6, 65, 7, 64, 8, 63, 9, 61, 10, 60, 14, 58, 17, 56, 18, 55, 19, 54, 20, 53, 21, 52, 22, 51, 23, 50, 24, 49, 26, 47, 30, 41, 31, 40, 32, 39, 33, 38]
Dot Bracket:
 .((((((((((...(..((((((((.(...((((....)))).....).)))))))).).)).))))))))............
83


Iteration 18


setting environment up
running sampling algorithm
beginning Burn in iterations

Centroid Structure
Length:
 19
Pairs:
 [(1, 70), (2, 69), (3, 68), (4, 67), (5, 66), (6, 65), (7, 64), (8, 63), (16, 57), (17, 56), (18, 55), (19, 54), (20, 53), (21, 52), (22, 51), (23, 50), (26, 46), (27, 45), (34, 39)]
Pairs:
 [1, 70, 2, 69, 3, 68, 4, 67, 5, 66, 6, 65, 7, 64, 8, 63, 16, 57, 17, 56, 18, 55, 19, 54, 20, 53, 21, 52, 22, 51, 23, 50, 26, 46, 27, 45, 34, 39]
Dot Bracket:
 .((((((((.......((((((((..((......(....).....))...)))))))).....))))))))............
83


Iteration 19


setting environment up
running sampling algorithm
beginning Burn in iterations

Centroid Structure
Length:
 24
Pairs:
 [(1, 70), (2, 69), (3, 68), (4, 67), (5, 66), (6, 65), (7, 64), (8, 63), (9, 62), (11, 59), (14, 58), (15, 57), (17, 56), (18, 55), (19, 54), (20, 53), (21, 52), (22, 51), (23, 49), (24, 48), (26, 46), (27, 45), (33, 40), (34, 39)]
Pairs:
 [1, 70, 2, 69, 3, 68, 4, 67, 5, 66, 6, 65, 7, 64, 8, 63, 9, 62, 11, 59, 14, 58, 15, 57, 17, 56, 18, 55, 19, 54, 20, 53, 21, 52, 22, 51, 23, 49, 24, 48, 26, 46, 27, 45, 33, 40, 34, 39]
Dot Bracket:
 .(((((((((.(..((.((((((((.((.....((....))....)).)).)))))))))..)))))))))............
83
