Iteration 0

setting environment up
running sfold binary

Sfold Executable Code for Academic Users, Version 2.2-20110126
 Running partition function and statistical sampling module... done
 (general output in /home/chris/devtree/pseudoKnot_research/output/sfold.out)
 Running structure clustering module... done
 (general output in /home/chris/devtree/pseudoKnot_research/output/sclass.out)
Process completed. See output files in '/home/chris/devtree/pseudoKnot_research/output'.

running sampling algorithm
beginning Burn in iterations

Centroid Structure
Length:
 20
Pairs:
 [(1, 68), (2, 67), (3, 66), (4, 65), (5, 64), (6, 63), (9, 41), (12, 36), (13, 35), (14, 34), (15, 33), (16, 32), (17, 31), (18, 30), (19, 29), (21, 27), (44, 54), (45, 53), (50, 61), (51, 60)]
Pairs:
 [1, 68, 2, 67, 3, 66, 4, 65, 5, 64, 6, 63, 9, 41, 12, 36, 13, 35, 14, 34, 15, 33, 16, 32, 17, 31, 18, 30, 19, 29, 21, 27, 44, 54, 45, 53, 50, 61, 51, 60]
Dot Bracket:
 .((((((..(..((((((((.(.....).))))))))....)..((....[[.)).....]].))))))...............
84


Iteration 1


setting environment up
running sampling algorithm
beginning Burn in iterations

Centroid Structure
Length:
 18
Pairs:
 [(1, 68), (2, 67), (3, 66), (4, 65), (5, 64), (6, 63), (9, 37), (13, 35), (14, 34), (15, 33), (16, 32), (17, 31), (18, 30), (19, 29), (21, 27), (49, 62), (51, 60), (56, 61)]
Pairs:
 [1, 68, 2, 67, 3, 66, 4, 65, 5, 64, 6, 63, 9, 37, 13, 35, 14, 34, 15, 33, 16, 32, 17, 31, 18, 30, 19, 29, 21, 27, 49, 62, 51, 60, 56, 61]
Dot Bracket:
 .((((((..(...(((((((.(.....).))))))).)...........(.(....[...)])))))))...............
84


Iteration 2


setting environment up
running sampling algorithm
beginning Burn in iterations

Centroid Structure
Length:
 20
Pairs:
 [(1, 68), (2, 67), (3, 66), (4, 65), (5, 64), (6, 63), (7, 57), (8, 38), (9, 37), (12, 36), (13, 35), (14, 34), (15, 33), (16, 32), (17, 31), (18, 30), (19, 29), (44, 49), (45, 53), (46, 52)]
Pairs:
 [1, 68, 2, 67, 3, 66, 4, 65, 5, 64, 6, 63, 7, 57, 8, 38, 9, 37, 12, 36, 13, 35, 14, 34, 15, 33, 16, 32, 17, 31, 18, 30, 19, 29, 44, 49, 45, 53, 46, 52]
Dot Bracket:
 .(((((((((..((((((((.........)))))))))).....([[..)..]]...).....))))))...............
84


Iteration 3


setting environment up
running sampling algorithm
beginning Burn in iterations

Centroid Structure
Length:
 21
Pairs:
 [(1, 68), (2, 67), (3, 66), (4, 65), (5, 64), (6, 63), (8, 38), (9, 41), (12, 36), (13, 35), (14, 34), (15, 33), (16, 32), (17, 31), (18, 30), (19, 29), (21, 27), (49, 62), (51, 60), (52, 59), (56, 61)]
Pairs:
 [1, 68, 2, 67, 3, 66, 4, 65, 5, 64, 6, 63, 8, 38, 9, 41, 12, 36, 13, 35, 14, 34, 15, 33, 16, 32, 17, 31, 18, 30, 19, 29, 21, 27, 49, 62, 51, 60, 52, 59, 56, 61]
Dot Bracket:
 .((((((.([..[[[[[[[[.[.....].]]]]]]]].)..].......[.[[...(..]])]))))))...............
84


Iteration 4


setting environment up
running sampling algorithm
beginning Burn in iterations

Centroid Structure
Length:
 14
Pairs:
 [(1, 68), (2, 67), (8, 38), (12, 36), (13, 35), (14, 34), (15, 33), (16, 32), (17, 31), (18, 30), (19, 29), (49, 62), (50, 61), (51, 60)]
Pairs:
 [1, 68, 2, 67, 8, 38, 12, 36, 13, 35, 14, 34, 15, 33, 16, 32, 17, 31, 18, 30, 19, 29, 49, 62, 50, 61, 51, 60]
Dot Bracket:
 .((.....(...((((((((.........)))))))).)..........(((........)))....))...............
84


Iteration 5


setting environment up
running sampling algorithm
beginning Burn in iterations

Centroid Structure
Length:
 21
Pairs:
 [(1, 68), (2, 67), (3, 66), (4, 65), (5, 64), (6, 63), (8, 42), (9, 38), (12, 36), (13, 35), (14, 34), (15, 33), (16, 32), (17, 31), (18, 30), (19, 29), (22, 27), (49, 62), (50, 61), (51, 60), (52, 59)]
Pairs:
 [1, 68, 2, 67, 3, 66, 4, 65, 5, 64, 6, 63, 8, 42, 9, 38, 12, 36, 13, 35, 14, 34, 15, 33, 16, 32, 17, 31, 18, 30, 19, 29, 22, 27, 49, 62, 50, 61, 51, 60, 52, 59]
Dot Bracket:
 .((((((.((..((((((((..(....).)))))))).)...)......((((......))))))))))...............
84


Iteration 6


setting environment up
running sampling algorithm
beginning Burn in iterations

Centroid Structure
Length:
 14
Pairs:
 [(1, 68), (2, 67), (3, 66), (4, 65), (5, 64), (6, 63), (12, 36), (13, 35), (14, 34), (15, 33), (16, 32), (17, 31), (18, 30), (19, 29)]
Pairs:
 [1, 68, 2, 67, 3, 66, 4, 65, 5, 64, 6, 63, 12, 36, 13, 35, 14, 34, 15, 33, 16, 32, 17, 31, 18, 30, 19, 29]
Dot Bracket:
 .((((((.....((((((((.........))))))))..........................))))))...............
84


Iteration 7


setting environment up
running sampling algorithm
beginning Burn in iterations

Centroid Structure
Length:
 19
Pairs:
 [(1, 68), (2, 67), (3, 66), (5, 64), (6, 63), (7, 42), (8, 41), (12, 36), (13, 35), (14, 34), (15, 33), (16, 32), (17, 31), (18, 30), (19, 29), (21, 27), (44, 50), (45, 49), (51, 60)]
Pairs:
 [1, 68, 2, 67, 3, 66, 5, 64, 6, 63, 7, 42, 8, 41, 12, 36, 13, 35, 14, 34, 15, 33, 16, 32, 17, 31, 18, 30, 19, 29, 21, 27, 44, 50, 45, 49, 51, 60]
Dot Bracket:
 .(((.((((...((((((((.(.....).))))))))....)).((...))(........)..)).)))...............
84


Iteration 8


setting environment up
running sampling algorithm
beginning Burn in iterations

Centroid Structure
Length:
 22
Pairs:
 [(1, 68), (2, 67), (3, 66), (4, 65), (5, 64), (6, 63), (7, 42), (8, 41), (9, 37), (12, 36), (13, 35), (14, 34), (15, 33), (16, 32), (17, 31), (18, 30), (19, 29), (21, 27), (44, 50), (49, 62), (51, 60), (57, 61)]
Pairs:
 [1, 68, 2, 67, 3, 66, 4, 65, 5, 64, 6, 63, 7, 42, 8, 41, 9, 37, 12, 36, 13, 35, 14, 34, 15, 33, 16, 32, 17, 31, 18, 30, 19, 29, 21, 27, 44, 50, 49, 62, 51, 60, 57, 61]
Dot Bracket:
 .(((((((((..((((((((.(.....).)))))))))...)).(....[)[.....(..])]))))))...............
84


Iteration 9


setting environment up
running sampling algorithm
beginning Burn in iterations

Centroid Structure
Length:
 20
Pairs:
 [(2, 67), (3, 66), (4, 65), (5, 62), (6, 61), (7, 59), (8, 57), (9, 56), (12, 36), (13, 35), (14, 34), (15, 33), (16, 32), (17, 31), (18, 30), (19, 29), (22, 27), (42, 52), (43, 51), (44, 50)]
Pairs:
 [2, 67, 3, 66, 4, 65, 5, 62, 6, 61, 7, 59, 8, 57, 9, 56, 12, 36, 13, 35, 14, 34, 15, 33, 16, 32, 17, 31, 18, 30, 19, 29, 22, 27, 42, 52, 43, 51, 44, 50]
Dot Bracket:
 ..((((((((..((((((((..(....).)))))))).....(((.....)))...)).).))..)))................
84


Iteration 10


setting environment up
running sampling algorithm
beginning Burn in iterations

Centroid Structure
Length:
 21
Pairs:
 [(1, 68), (2, 67), (3, 66), (4, 65), (5, 64), (6, 63), (8, 42), (9, 41), (12, 36), (13, 35), (14, 34), (15, 33), (16, 32), (17, 31), (18, 30), (19, 28), (20, 27), (49, 62), (51, 60), (52, 58), (56, 61)]
Pairs:
 [1, 68, 2, 67, 3, 66, 4, 65, 5, 64, 6, 63, 8, 42, 9, 41, 12, 36, 13, 35, 14, 34, 15, 33, 16, 32, 17, 31, 18, 30, 19, 28, 20, 27, 49, 62, 51, 60, 52, 58, 56, 61]
Dot Bracket:
 .((((((.((..(((((((((......)).)))))))....))......(.((...[.).)])))))))...............
84


Iteration 11


setting environment up
running sampling algorithm
beginning Burn in iterations

Centroid Structure
Length:
 23
Pairs:
 [(1, 68), (2, 67), (3, 66), (4, 65), (5, 64), (6, 63), (7, 42), (8, 41), (12, 36), (13, 35), (14, 34), (15, 33), (16, 32), (17, 31), (19, 29), (21, 27), (22, 51), (24, 49), (25, 48), (30, 43), (44, 50), (56, 62), (57, 61)]
Pairs:
 [1, 68, 2, 67, 3, 66, 4, 65, 5, 64, 6, 63, 7, 42, 8, 41, 12, 36, 13, 35, 14, 34, 15, 33, 16, 32, 17, 31, 19, 29, 21, 27, 22, 51, 24, 49, 25, 48, 30, 43, 44, 50, 56, 62, 57, 61]
Dot Bracket:
 .((((((((...((((((.(.([.[[.).)[))))))....))](...]])]....((...))))))))...............
84


Iteration 12


setting environment up
running sampling algorithm
beginning Burn in iterations

Centroid Structure
Length:
 19
Pairs:
 [(1, 68), (3, 66), (4, 65), (5, 62), (6, 61), (7, 59), (9, 56), (12, 36), (13, 35), (14, 34), (15, 33), (16, 32), (17, 31), (18, 30), (19, 29), (43, 51), (44, 50), (45, 49), (46, 52)]
Pairs:
 [1, 68, 3, 66, 4, 65, 5, 62, 6, 61, 7, 59, 9, 56, 12, 36, 13, 35, 14, 34, 15, 33, 16, 32, 17, 31, 18, 30, 19, 29, 43, 51, 44, 50, 45, 49, 46, 52]
Dot Bracket:
 .(.(((((.(..((((((((.........))))))))......((([..)))]...)..).))..)).)...............
84


Iteration 13


setting environment up
running sampling algorithm
beginning Burn in iterations

Centroid Structure
Length:
 21
Pairs:
 [(2, 67), (3, 66), (4, 65), (5, 64), (7, 59), (8, 42), (9, 37), (12, 36), (13, 35), (14, 34), (15, 33), (16, 32), (17, 31), (18, 30), (19, 28), (20, 27), (43, 51), (44, 50), (45, 49), (54, 62), (56, 61)]
Pairs:
 [2, 67, 3, 66, 4, 65, 5, 64, 7, 59, 8, 42, 9, 37, 12, 36, 13, 35, 14, 34, 15, 33, 16, 32, 17, 31, 18, 30, 19, 28, 20, 27, 43, 51, 44, 50, 45, 49, 54, 62, 56, 61]
Dot Bracket:
 ..((((.(((..(((((((((......)).))))))))....)(((...)))..[.[..).]].))))................
84


Iteration 14


setting environment up
running sampling algorithm
beginning Burn in iterations

Centroid Structure
Length:
 21
Pairs:
 [(1, 68), (2, 67), (3, 66), (4, 65), (5, 64), (6, 63), (8, 42), (9, 41), (12, 36), (13, 35), (14, 34), (15, 33), (16, 32), (17, 31), (18, 30), (19, 29), (21, 27), (43, 51), (44, 50), (49, 62), (52, 59)]
Pairs:
 [1, 68, 2, 67, 3, 66, 4, 65, 5, 64, 6, 63, 8, 42, 9, 41, 12, 36, 13, 35, 14, 34, 15, 33, 16, 32, 17, 31, 18, 30, 19, 29, 21, 27, 43, 51, 44, 50, 49, 62, 52, 59]
Dot Bracket:
 .((((((.((..((((((((.(.....).))))))))....))((....[))[......]..]))))))...............
84


Iteration 15


setting environment up
running sampling algorithm
beginning Burn in iterations

Centroid Structure
Length:
 23
Pairs:
 [(1, 68), (2, 67), (3, 66), (4, 65), (5, 64), (6, 63), (8, 41), (9, 37), (12, 36), (13, 35), (14, 34), (15, 33), (16, 32), (17, 31), (18, 30), (19, 29), (21, 27), (42, 52), (43, 51), (44, 50), (45, 49), (56, 62), (57, 61)]
Pairs:
 [1, 68, 2, 67, 3, 66, 4, 65, 5, 64, 6, 63, 8, 41, 9, 37, 12, 36, 13, 35, 14, 34, 15, 33, 16, 32, 17, 31, 18, 30, 19, 29, 21, 27, 42, 52, 43, 51, 44, 50, 45, 49, 56, 62, 57, 61]
Dot Bracket:
 .((((((.((..((((((((.(.....).)))))))))...)((((...))))...((...))))))))...............
84


Iteration 16


setting environment up
running sampling algorithm
beginning Burn in iterations

Centroid Structure
Length:
 14
Pairs:
 [(1, 68), (2, 67), (12, 36), (13, 35), (14, 34), (15, 33), (16, 32), (17, 31), (18, 30), (19, 29), (49, 62), (50, 61), (51, 60), (52, 59)]
Pairs:
 [1, 68, 2, 67, 12, 36, 13, 35, 14, 34, 15, 33, 16, 32, 17, 31, 18, 30, 19, 29, 49, 62, 50, 61, 51, 60, 52, 59]
Dot Bracket:
 .((.........((((((((.........))))))))............((((......))))....))...............
84


Iteration 17


setting environment up
running sampling algorithm
beginning Burn in iterations

Centroid Structure
Length:
 24
Pairs:
 [(1, 68), (2, 67), (3, 66), (4, 65), (5, 64), (6, 63), (7, 57), (8, 56), (9, 41), (12, 36), (13, 35), (14, 34), (15, 33), (16, 32), (17, 31), (18, 30), (19, 29), (21, 27), (44, 54), (45, 53), (46, 52), (49, 62), (50, 61), (51, 59)]
Pairs:
 [1, 68, 2, 67, 3, 66, 4, 65, 5, 64, 6, 63, 7, 57, 8, 56, 9, 41, 12, 36, 13, 35, 14, 34, 15, 33, 16, 32, 17, 31, 18, 30, 19, 29, 21, 27, 44, 54, 45, 53, 46, 52, 49, 62, 50, 61, 51, 59]
Dot Bracket:
 .(((((((((..((((((((.(.....).))))))))....)..(((..[[[))).)).].]]))))))...............
84


Iteration 18


setting environment up
running sampling algorithm
beginning Burn in iterations

Centroid Structure
Length:
 16
Pairs:
 [(1, 68), (2, 67), (3, 66), (4, 65), (5, 64), (6, 63), (12, 36), (13, 35), (14, 34), (15, 33), (16, 32), (17, 31), (18, 30), (19, 29), (21, 27), (50, 61)]
Pairs:
 [1, 68, 2, 67, 3, 66, 4, 65, 5, 64, 6, 63, 12, 36, 13, 35, 14, 34, 15, 33, 16, 32, 17, 31, 18, 30, 19, 29, 21, 27, 50, 61]
Dot Bracket:
 .((((((.....((((((((.(.....).)))))))).............(..........).))))))...............
84


Iteration 19


setting environment up
running sampling algorithm
beginning Burn in iterations

Centroid Structure
Length:
 19
Pairs:
 [(1, 68), (2, 67), (3, 66), (5, 65), (6, 63), (8, 38), (9, 37), (10, 36), (13, 35), (14, 34), (15, 33), (16, 32), (17, 31), (18, 30), (24, 29), (49, 62), (50, 61), (51, 60), (52, 59)]
Pairs:
 [1, 68, 2, 67, 3, 66, 5, 65, 6, 63, 8, 38, 9, 37, 10, 36, 13, 35, 14, 34, 15, 33, 16, 32, 17, 31, 18, 30, 24, 29, 49, 62, 50, 61, 51, 60, 52, 59]
Dot Bracket:
 .(((.((.(((..((((((.....(....))))))))))..........((((......))))).))))...............
84
