Iteration 0

setting environment up
running sfold binary

Sfold Executable Code for Academic Users, Version 2.2-20110126
 Running partition function and statistical sampling module... done
 (general output in /home/chris/devtree/pseudoKnot_research/output/sfold.out)
 Running structure clustering module... done
 (general output in /home/chris/devtree/pseudoKnot_research/output/sclass.out)
Process completed. See output files in '/home/chris/devtree/pseudoKnot_research/output'.

running sampling algorithm
beginning Burn in iterations

Centroid Structure
Length:
 19
Pairs:
 [(8, 66), (9, 65), (10, 64), (11, 63), (12, 62), (13, 61), (14, 60), (15, 59), (17, 44), (18, 42), (19, 41), (20, 40), (21, 39), (24, 36), (25, 35), (26, 34), (28, 33), (48, 55), (49, 54)]
Pairs:
 [8, 66, 9, 65, 10, 64, 11, 63, 12, 62, 13, 61, 14, 60, 15, 59, 17, 44, 18, 42, 19, 41, 20, 40, 21, 39, 24, 36, 25, 35, 26, 34, 28, 33, 48, 55, 49, 54]
Dot Bracket:
 ........((((((((.(((((..(((.(....))))..)))).)...((....))...)))))))).
68


Iteration 1


setting environment up
running sampling algorithm
beginning Burn in iterations

Centroid Structure
Length:
 20
Pairs:
 [(8, 66), (9, 65), (10, 64), (11, 63), (12, 62), (13, 61), (14, 60), (15, 59), (16, 58), (17, 43), (18, 42), (19, 41), (20, 40), (21, 39), (24, 36), (25, 35), (26, 34), (27, 33), (48, 55), (49, 54)]
Pairs:
 [8, 66, 9, 65, 10, 64, 11, 63, 12, 62, 13, 61, 14, 60, 15, 59, 16, 58, 17, 43, 18, 42, 19, 41, 20, 40, 21, 39, 24, 36, 25, 35, 26, 34, 27, 33, 48, 55, 49, 54]
Dot Bracket:
 ........((((((((((((((..((((.....))))..)))))....((....))..))))))))).
68


Iteration 2


setting environment up
running sampling algorithm
beginning Burn in iterations

Centroid Structure
Length:
 20
Pairs:
 [(8, 66), (9, 65), (10, 64), (11, 63), (12, 62), (13, 61), (14, 60), (15, 59), (16, 44), (17, 43), (18, 42), (19, 41), (20, 40), (21, 39), (24, 36), (25, 35), (26, 34), (27, 33), (48, 55), (49, 54)]
Pairs:
 [8, 66, 9, 65, 10, 64, 11, 63, 12, 62, 13, 61, 14, 60, 15, 59, 16, 44, 17, 43, 18, 42, 19, 41, 20, 40, 21, 39, 24, 36, 25, 35, 26, 34, 27, 33, 48, 55, 49, 54]
Dot Bracket:
 ........((((((((((((((..((((.....))))..))))))...((....))...)))))))).
68


Iteration 3


setting environment up
running sampling algorithm
beginning Burn in iterations

Centroid Structure
Length:
 19
Pairs:
 [(8, 66), (9, 65), (10, 64), (11, 63), (12, 62), (13, 61), (14, 60), (15, 59), (17, 43), (18, 42), (19, 41), (20, 40), (21, 39), (24, 36), (25, 35), (26, 34), (28, 33), (48, 55), (49, 54)]
Pairs:
 [8, 66, 9, 65, 10, 64, 11, 63, 12, 62, 13, 61, 14, 60, 15, 59, 17, 43, 18, 42, 19, 41, 20, 40, 21, 39, 24, 36, 25, 35, 26, 34, 28, 33, 48, 55, 49, 54]
Dot Bracket:
 ........((((((((.(((((..(((.(....))))..)))))....((....))...)))))))).
68


Iteration 4


setting environment up
running sampling algorithm
beginning Burn in iterations

Centroid Structure
Length:
 21
Pairs:
 [(0, 67), (8, 66), (9, 65), (10, 64), (11, 63), (12, 62), (13, 61), (14, 60), (15, 59), (16, 44), (17, 43), (18, 42), (19, 41), (20, 40), (21, 39), (24, 36), (25, 35), (26, 34), (27, 33), (48, 55), (49, 54)]
Pairs:
 [0, 67, 8, 66, 9, 65, 10, 64, 11, 63, 12, 62, 13, 61, 14, 60, 15, 59, 16, 44, 17, 43, 18, 42, 19, 41, 20, 40, 21, 39, 24, 36, 25, 35, 26, 34, 27, 33, 48, 55, 49, 54]
Dot Bracket:
 (.......((((((((((((((..((((.....))))..))))))...((....))...)))))))))
68


Iteration 5


setting environment up
running sampling algorithm
beginning Burn in iterations

Centroid Structure
Length:
 19
Pairs:
 [(8, 66), (9, 65), (10, 64), (11, 63), (12, 62), (13, 61), (14, 60), (15, 59), (17, 44), (18, 42), (19, 41), (20, 40), (21, 39), (24, 36), (25, 35), (27, 34), (28, 33), (48, 55), (49, 54)]
Pairs:
 [8, 66, 9, 65, 10, 64, 11, 63, 12, 62, 13, 61, 14, 60, 15, 59, 17, 44, 18, 42, 19, 41, 20, 40, 21, 39, 24, 36, 25, 35, 27, 34, 28, 33, 48, 55, 49, 54]
Dot Bracket:
 ........((((((((.(((((..((.((....))))..)))).)...((....))...)))))))).
68


Iteration 6


setting environment up
running sampling algorithm
beginning Burn in iterations

Centroid Structure
Length:
 20
Pairs:
 [(8, 66), (9, 65), (10, 64), (11, 63), (12, 62), (13, 61), (14, 60), (15, 59), (16, 58), (17, 44), (18, 42), (19, 41), (20, 40), (21, 39), (24, 36), (25, 35), (26, 34), (28, 33), (48, 55), (49, 54)]
Pairs:
 [8, 66, 9, 65, 10, 64, 11, 63, 12, 62, 13, 61, 14, 60, 15, 59, 16, 58, 17, 44, 18, 42, 19, 41, 20, 40, 21, 39, 24, 36, 25, 35, 26, 34, 28, 33, 48, 55, 49, 54]
Dot Bracket:
 ........((((((((((((((..(((.(....))))..)))).)...((....))..))))))))).
68


Iteration 7


setting environment up
running sampling algorithm
beginning Burn in iterations

Centroid Structure
Length:
 20
Pairs:
 [(8, 66), (9, 65), (10, 64), (11, 63), (12, 62), (13, 61), (14, 60), (15, 59), (16, 58), (17, 43), (18, 42), (19, 41), (20, 40), (21, 39), (24, 36), (25, 35), (26, 34), (27, 33), (48, 55), (49, 54)]
Pairs:
 [8, 66, 9, 65, 10, 64, 11, 63, 12, 62, 13, 61, 14, 60, 15, 59, 16, 58, 17, 43, 18, 42, 19, 41, 20, 40, 21, 39, 24, 36, 25, 35, 26, 34, 27, 33, 48, 55, 49, 54]
Dot Bracket:
 ........((((((((((((((..((((.....))))..)))))....((....))..))))))))).
68


Iteration 8


setting environment up
running sampling algorithm
beginning Burn in iterations

Centroid Structure
Length:
 22
Pairs:
 [(2, 67), (8, 66), (9, 65), (10, 64), (11, 63), (12, 62), (13, 61), (14, 60), (15, 45), (16, 44), (17, 43), (18, 42), (19, 41), (20, 40), (21, 39), (22, 38), (24, 36), (25, 35), (26, 34), (27, 33), (48, 55), (49, 54)]
Pairs:
 [2, 67, 8, 66, 9, 65, 10, 64, 11, 63, 12, 62, 13, 61, 14, 60, 15, 45, 16, 44, 17, 43, 18, 42, 19, 41, 20, 40, 21, 39, 22, 38, 24, 36, 25, 35, 26, 34, 27, 33, 48, 55, 49, 54]
Dot Bracket:
 ..(.....(((((((((((((((.((((.....)))).))))))))..((....))....))))))))
68


Iteration 9


setting environment up
running sampling algorithm
beginning Burn in iterations

Centroid Structure
Length:
 21
Pairs:
 [(8, 66), (9, 65), (10, 64), (11, 63), (12, 62), (13, 61), (14, 60), (15, 59), (16, 44), (17, 43), (18, 42), (19, 41), (20, 40), (21, 39), (23, 37), (24, 36), (25, 35), (26, 34), (28, 33), (48, 55), (49, 54)]
Pairs:
 [8, 66, 9, 65, 10, 64, 11, 63, 12, 62, 13, 61, 14, 60, 15, 59, 16, 44, 17, 43, 18, 42, 19, 41, 20, 40, 21, 39, 23, 37, 24, 36, 25, 35, 26, 34, 28, 33, 48, 55, 49, 54]
Dot Bracket:
 ........((((((((((((((.((((.(....))))).))))))...((....))...)))))))).
68


Iteration 10


setting environment up
running sampling algorithm
beginning Burn in iterations

Centroid Structure
Length:
 21
Pairs:
 [(8, 66), (9, 65), (10, 64), (11, 63), (12, 62), (13, 61), (14, 60), (16, 44), (17, 43), (18, 42), (19, 41), (20, 40), (21, 39), (24, 36), (25, 35), (26, 34), (27, 33), (46, 58), (47, 57), (48, 55), (49, 54)]
Pairs:
 [8, 66, 9, 65, 10, 64, 11, 63, 12, 62, 13, 61, 14, 60, 16, 44, 17, 43, 18, 42, 19, 41, 20, 40, 21, 39, 24, 36, 25, 35, 26, 34, 27, 33, 46, 58, 47, 57, 48, 55, 49, 54]
Dot Bracket:
 ........(((((((.((((((..((((.....))))..)))))).((((....)).)).))))))).
68


Iteration 11


setting environment up
running sampling algorithm
beginning Burn in iterations

Centroid Structure
Length:
 19
Pairs:
 [(8, 66), (9, 65), (10, 64), (11, 63), (12, 62), (13, 61), (14, 60), (15, 45), (17, 43), (18, 42), (19, 41), (20, 40), (21, 39), (24, 36), (25, 35), (26, 34), (28, 33), (48, 55), (49, 54)]
Pairs:
 [8, 66, 9, 65, 10, 64, 11, 63, 12, 62, 13, 61, 14, 60, 15, 45, 17, 43, 18, 42, 19, 41, 20, 40, 21, 39, 24, 36, 25, 35, 26, 34, 28, 33, 48, 55, 49, 54]
Dot Bracket:
 ........((((((((.(((((..(((.(....))))..))))).)..((....))....))))))).
68


Iteration 12


setting environment up
running sampling algorithm
beginning Burn in iterations

Centroid Structure
Length:
 20
Pairs:
 [(8, 66), (9, 65), (10, 64), (11, 63), (12, 62), (13, 61), (14, 60), (15, 59), (16, 44), (17, 43), (18, 42), (19, 41), (20, 40), (21, 39), (24, 36), (25, 35), (26, 34), (27, 33), (48, 55), (49, 54)]
Pairs:
 [8, 66, 9, 65, 10, 64, 11, 63, 12, 62, 13, 61, 14, 60, 15, 59, 16, 44, 17, 43, 18, 42, 19, 41, 20, 40, 21, 39, 24, 36, 25, 35, 26, 34, 27, 33, 48, 55, 49, 54]
Dot Bracket:
 ........((((((((((((((..((((.....))))..))))))...((....))...)))))))).
68


Iteration 13


setting environment up
running sampling algorithm
beginning Burn in iterations

Centroid Structure
Length:
 20
Pairs:
 [(8, 66), (9, 65), (10, 64), (11, 63), (12, 62), (13, 61), (14, 60), (15, 59), (16, 44), (17, 43), (18, 42), (19, 41), (20, 40), (21, 39), (24, 36), (25, 35), (26, 34), (27, 33), (48, 55), (49, 54)]
Pairs:
 [8, 66, 9, 65, 10, 64, 11, 63, 12, 62, 13, 61, 14, 60, 15, 59, 16, 44, 17, 43, 18, 42, 19, 41, 20, 40, 21, 39, 24, 36, 25, 35, 26, 34, 27, 33, 48, 55, 49, 54]
Dot Bracket:
 ........((((((((((((((..((((.....))))..))))))...((....))...)))))))).
68


Iteration 14


setting environment up
running sampling algorithm
beginning Burn in iterations

Centroid Structure
Length:
 22
Pairs:
 [(8, 66), (9, 65), (10, 64), (11, 63), (12, 62), (13, 61), (14, 60), (15, 45), (16, 44), (17, 43), (18, 42), (19, 41), (20, 40), (21, 39), (23, 37), (24, 36), (25, 35), (26, 34), (27, 33), (46, 57), (48, 55), (49, 54)]
Pairs:
 [8, 66, 9, 65, 10, 64, 11, 63, 12, 62, 13, 61, 14, 60, 15, 45, 16, 44, 17, 43, 18, 42, 19, 41, 20, 40, 21, 39, 23, 37, 24, 36, 25, 35, 26, 34, 27, 33, 46, 57, 48, 55, 49, 54]
Dot Bracket:
 ........((((((((((((((.(((((.....))))).)))))))(.((....)).)..))))))).
68


Iteration 15


setting environment up
running sampling algorithm
beginning Burn in iterations

Centroid Structure
Length:
 20
Pairs:
 [(8, 66), (9, 65), (10, 64), (11, 63), (12, 62), (13, 61), (14, 60), (15, 59), (16, 44), (17, 43), (18, 42), (19, 41), (20, 40), (21, 39), (24, 36), (25, 35), (26, 34), (28, 33), (48, 55), (49, 54)]
Pairs:
 [8, 66, 9, 65, 10, 64, 11, 63, 12, 62, 13, 61, 14, 60, 15, 59, 16, 44, 17, 43, 18, 42, 19, 41, 20, 40, 21, 39, 24, 36, 25, 35, 26, 34, 28, 33, 48, 55, 49, 54]
Dot Bracket:
 ........((((((((((((((..(((.(....))))..))))))...((....))...)))))))).
68


Iteration 16


setting environment up
running sampling algorithm
beginning Burn in iterations

Centroid Structure
Length:
 20
Pairs:
 [(8, 66), (9, 65), (10, 64), (11, 63), (12, 62), (13, 61), (14, 60), (15, 45), (16, 58), (17, 43), (18, 42), (19, 41), (20, 40), (21, 39), (24, 36), (25, 35), (27, 34), (28, 33), (48, 55), (49, 54)]
Pairs:
 [8, 66, 9, 65, 10, 64, 11, 63, 12, 62, 13, 61, 14, 60, 15, 45, 16, 58, 17, 43, 18, 42, 19, 41, 20, 40, 21, 39, 24, 36, 25, 35, 27, 34, 28, 33, 48, 55, 49, 54]
Dot Bracket:
 ........(((((((([[[[[[..[[.[[....]]]]..]]]]].)..[[....]]..].))))))).
68


Iteration 17


setting environment up
running sampling algorithm
beginning Burn in iterations

Centroid Structure
Length:
 21
Pairs:
 [(8, 66), (9, 65), (10, 64), (11, 63), (12, 62), (13, 61), (14, 60), (15, 59), (17, 44), (18, 42), (19, 41), (20, 40), (21, 39), (23, 37), (24, 36), (25, 35), (26, 34), (27, 33), (46, 57), (48, 55), (49, 54)]
Pairs:
 [8, 66, 9, 65, 10, 64, 11, 63, 12, 62, 13, 61, 14, 60, 15, 59, 17, 44, 18, 42, 19, 41, 20, 40, 21, 39, 23, 37, 24, 36, 25, 35, 26, 34, 27, 33, 46, 57, 48, 55, 49, 54]
Dot Bracket:
 ........((((((((.(((((.(((((.....))))).)))).).(.((....)).).)))))))).
68


Iteration 18


setting environment up
running sampling algorithm
beginning Burn in iterations

Centroid Structure
Length:
 20
Pairs:
 [(8, 66), (9, 65), (10, 64), (11, 63), (12, 62), (13, 61), (14, 60), (15, 59), (16, 58), (17, 43), (18, 42), (19, 41), (20, 40), (21, 39), (24, 36), (25, 35), (26, 34), (27, 33), (48, 55), (49, 54)]
Pairs:
 [8, 66, 9, 65, 10, 64, 11, 63, 12, 62, 13, 61, 14, 60, 15, 59, 16, 58, 17, 43, 18, 42, 19, 41, 20, 40, 21, 39, 24, 36, 25, 35, 26, 34, 27, 33, 48, 55, 49, 54]
Dot Bracket:
 ........((((((((((((((..((((.....))))..)))))....((....))..))))))))).
68


Iteration 19


setting environment up
running sampling algorithm
beginning Burn in iterations

Centroid Structure
Length:
 19
Pairs:
 [(8, 66), (9, 65), (10, 64), (11, 63), (12, 62), (13, 61), (14, 60), (15, 59), (17, 44), (18, 42), (19, 41), (20, 40), (21, 39), (24, 36), (25, 35), (26, 34), (28, 33), (48, 55), (49, 54)]
Pairs:
 [8, 66, 9, 65, 10, 64, 11, 63, 12, 62, 13, 61, 14, 60, 15, 59, 17, 44, 18, 42, 19, 41, 20, 40, 21, 39, 24, 36, 25, 35, 26, 34, 28, 33, 48, 55, 49, 54]
Dot Bracket:
 ........((((((((.(((((..(((.(....))))..)))).)...((....))...)))))))).
68
