Iteration 0

setting environment up
running sfold binary

Sfold Executable Code for Academic Users, Version 2.2-20110126
 Running partition function and statistical sampling module... done
 (general output in /home/chris/devtree/pseudoKnot_research/output/sfold.out)
 Running structure clustering module... done
 (general output in /home/chris/devtree/pseudoKnot_research/output/sclass.out)
Process completed. See output files in '/home/chris/devtree/pseudoKnot_research/output'.

running sampling algorithm
beginning Burn in iterations

Centroid Structure
Length:
 23
Pairs:
 [(2, 64), (5, 61), (6, 60), (7, 59), (8, 58), (9, 57), (10, 56), (11, 55), (12, 54), (13, 53), (14, 38), (15, 37), (16, 34), (17, 33), (18, 32), (19, 31), (20, 30), (21, 29), (22, 28), (36, 43), (40, 51), (41, 50), (42, 49)]
Pairs:
 [2, 64, 5, 61, 6, 60, 7, 59, 8, 58, 9, 57, 10, 56, 11, 55, 12, 54, 13, 53, 14, 38, 15, 37, 16, 34, 17, 33, 18, 32, 19, 31, 20, 30, 21, 29, 22, 28, 36, 43, 40, 51, 41, 50, 42, 49]
Dot Bracket:
 ..(..((((((((((((((((((.....))))))).[)).(((].....))).)))))))))..).......
72


Iteration 1


setting environment up
running sampling algorithm
beginning Burn in iterations

Centroid Structure
Length:
 22
Pairs:
 [(1, 65), (6, 60), (7, 59), (8, 58), (9, 57), (10, 56), (11, 55), (12, 54), (13, 53), (14, 38), (15, 37), (16, 34), (17, 33), (18, 32), (19, 31), (20, 30), (21, 29), (22, 28), (40, 51), (41, 50), (42, 49), (43, 48)]
Pairs:
 [1, 65, 6, 60, 7, 59, 8, 58, 9, 57, 10, 56, 11, 55, 12, 54, 13, 53, 14, 38, 15, 37, 16, 34, 17, 33, 18, 32, 19, 31, 20, 30, 21, 29, 22, 28, 40, 51, 41, 50, 42, 49, 43, 48]
Dot Bracket:
 .(....(((((((((((((((((.....)))))))..)).((((....)))).))))))))....)......
72


Iteration 2


setting environment up
running sampling algorithm
beginning Burn in iterations

Centroid Structure
Length:
 18
Pairs:
 [(1, 65), (2, 64), (4, 61), (7, 59), (8, 58), (9, 57), (10, 56), (11, 55), (12, 54), (16, 34), (17, 33), (18, 32), (19, 31), (20, 30), (21, 29), (22, 28), (41, 50), (42, 49)]
Pairs:
 [1, 65, 2, 64, 4, 61, 7, 59, 8, 58, 9, 57, 10, 56, 11, 55, 12, 54, 16, 34, 17, 33, 18, 32, 19, 31, 20, 30, 21, 29, 22, 28, 41, 50, 42, 49]
Dot Bracket:
 .((.(..((((((...(((((((.....)))))))......((......))...)))))).)..))......
72


Iteration 3


setting environment up
running sampling algorithm
beginning Burn in iterations

Centroid Structure
Length:
 21
Pairs:
 [(2, 63), (5, 61), (6, 60), (7, 59), (8, 58), (9, 57), (10, 56), (11, 55), (12, 54), (13, 53), (16, 34), (17, 33), (18, 32), (19, 31), (20, 30), (21, 29), (22, 28), (40, 51), (41, 50), (42, 49), (43, 48)]
Pairs:
 [2, 63, 5, 61, 6, 60, 7, 59, 8, 58, 9, 57, 10, 56, 11, 55, 12, 54, 13, 53, 16, 34, 17, 33, 18, 32, 19, 31, 20, 30, 21, 29, 22, 28, 40, 51, 41, 50, 42, 49, 43, 48]
Dot Bracket:
 ..(..(((((((((..(((((((.....))))))).....((((....)))).))))))))).)........
72


Iteration 4


setting environment up
running sampling algorithm
beginning Burn in iterations

Centroid Structure
Length:
 22
Pairs:
 [(0, 64), (2, 63), (4, 61), (5, 60), (6, 59), (8, 58), (13, 53), (14, 38), (15, 37), (16, 34), (17, 33), (18, 32), (19, 31), (20, 30), (21, 29), (22, 28), (40, 51), (41, 50), (43, 48), (46, 57), (47, 56), (49, 54)]
Pairs:
 [0, 64, 2, 63, 4, 61, 5, 60, 6, 59, 8, 58, 13, 53, 14, 38, 15, 37, 16, 34, 17, 33, 18, 32, 19, 31, 20, 30, 21, 29, 22, 28, 40, 51, 41, 50, 43, 48, 46, 57, 47, 56, 49, 54]
Dot Bracket:
 (.(.(((.(....((((((((((.....)))))))..)).((.(..[[)[)).)].]])))).)).......
72


Iteration 5


setting environment up
running sampling algorithm
beginning Burn in iterations

Centroid Structure
Length:
 22
Pairs:
 [(1, 65), (2, 64), (4, 61), (6, 60), (7, 59), (8, 58), (9, 57), (10, 56), (11, 55), (12, 54), (13, 53), (16, 34), (17, 33), (18, 32), (19, 31), (20, 30), (21, 29), (22, 28), (38, 47), (39, 46), (42, 49), (43, 48)]
Pairs:
 [1, 65, 2, 64, 4, 61, 6, 60, 7, 59, 8, 58, 9, 57, 10, 56, 11, 55, 12, 54, 13, 53, 16, 34, 17, 33, 18, 32, 19, 31, 20, 30, 21, 29, 22, 28, 38, 47, 39, 46, 42, 49, 43, 48]
Dot Bracket:
 .((.(.((((((((..(((((((.....)))))))...((..[[..))]]...)))))))))..))......
72


Iteration 6


setting environment up
running sampling algorithm
beginning Burn in iterations

Centroid Structure
Length:
 23
Pairs:
 [(0, 64), (1, 65), (5, 61), (6, 60), (7, 59), (8, 58), (9, 57), (10, 56), (11, 55), (12, 54), (13, 53), (16, 34), (17, 33), (18, 32), (19, 31), (20, 30), (21, 29), (22, 28), (38, 52), (39, 51), (41, 50), (42, 49), (43, 48)]
Pairs:
 [0, 64, 1, 65, 5, 61, 6, 60, 7, 59, 8, 58, 9, 57, 10, 56, 11, 55, 12, 54, 13, 53, 16, 34, 17, 33, 18, 32, 19, 31, 20, 30, 21, 29, 22, 28, 38, 52, 39, 51, 41, 50, 42, 49, 43, 48]
Dot Bracket:
 ([...[[[[[[[[[..[[[[[[[.....]]]]]]]...[[.[[[....]]]]]]]]]]]]]]..)]......
72


Iteration 7


setting environment up
running sampling algorithm
beginning Burn in iterations

Centroid Structure
Length:
 23
Pairs:
 [(2, 64), (4, 61), (6, 60), (7, 59), (8, 58), (9, 57), (10, 56), (11, 55), (12, 54), (13, 53), (14, 38), (15, 37), (16, 34), (17, 33), (18, 32), (19, 31), (20, 30), (21, 29), (22, 28), (40, 51), (41, 50), (42, 49), (43, 48)]
Pairs:
 [2, 64, 4, 61, 6, 60, 7, 59, 8, 58, 9, 57, 10, 56, 11, 55, 12, 54, 13, 53, 14, 38, 15, 37, 16, 34, 17, 33, 18, 32, 19, 31, 20, 30, 21, 29, 22, 28, 40, 51, 41, 50, 42, 49, 43, 48]
Dot Bracket:
 ..(.(.(((((((((((((((((.....)))))))..)).((((....)))).)))))))))..).......
72


Iteration 8


setting environment up
running sampling algorithm
beginning Burn in iterations

Centroid Structure
Length:
 22
Pairs:
 [(1, 65), (2, 64), (4, 61), (5, 60), (7, 59), (8, 58), (9, 57), (12, 54), (13, 53), (14, 38), (15, 37), (16, 34), (17, 33), (18, 32), (19, 31), (20, 30), (21, 29), (22, 28), (40, 51), (42, 49), (43, 48), (47, 56)]
Pairs:
 [1, 65, 2, 64, 4, 61, 5, 60, 7, 59, 8, 58, 9, 57, 12, 54, 13, 53, 14, 38, 15, 37, 16, 34, 17, 33, 18, 32, 19, 31, 20, 30, 21, 29, 22, 28, 40, 51, 42, 49, 43, 48, 47, 56]
Dot Bracket:
 .((.((.(((..(((((((((((.....)))))))..)).(.((...[)).).)).])))))..))......
72


Iteration 9


setting environment up
running sampling algorithm
beginning Burn in iterations

Centroid Structure
Length:
 23
Pairs:
 [(1, 65), (2, 64), (3, 66), (5, 61), (6, 60), (7, 59), (8, 58), (9, 57), (10, 56), (11, 55), (12, 54), (13, 53), (16, 34), (17, 33), (18, 32), (19, 31), (20, 30), (21, 29), (22, 28), (40, 51), (41, 50), (42, 49), (43, 48)]
Pairs:
 [1, 65, 2, 64, 3, 66, 5, 61, 6, 60, 7, 59, 8, 58, 9, 57, 10, 56, 11, 55, 12, 54, 13, 53, 16, 34, 17, 33, 18, 32, 19, 31, 20, 30, 21, 29, 22, 28, 40, 51, 41, 50, 42, 49, 43, 48]
Dot Bracket:
 .(([.[[[[[[[[[..[[[[[[[.....]]]]]]].....[[[[....]]]].]]]]]]]]]..))].....
72


Iteration 10


setting environment up
running sampling algorithm
beginning Burn in iterations

Centroid Structure
Length:
 21
Pairs:
 [(0, 64), (1, 65), (5, 61), (6, 60), (7, 59), (8, 58), (9, 57), (10, 56), (11, 55), (12, 54), (13, 53), (16, 34), (17, 33), (18, 32), (19, 31), (20, 30), (21, 29), (22, 28), (41, 50), (42, 49), (43, 48)]
Pairs:
 [0, 64, 1, 65, 5, 61, 6, 60, 7, 59, 8, 58, 9, 57, 10, 56, 11, 55, 12, 54, 13, 53, 16, 34, 17, 33, 18, 32, 19, 31, 20, 30, 21, 29, 22, 28, 41, 50, 42, 49, 43, 48]
Dot Bracket:
 ([...[[[[[[[[[..[[[[[[[.....]]]]]]]......[[[....]]]..]]]]]]]]]..)]......
72


Iteration 11


setting environment up
running sampling algorithm
beginning Burn in iterations

Centroid Structure
Length:
 21
Pairs:
 [(2, 64), (5, 61), (6, 60), (7, 59), (8, 58), (12, 40), (13, 39), (14, 38), (15, 37), (16, 34), (17, 33), (18, 32), (19, 31), (20, 30), (21, 29), (22, 28), (41, 50), (42, 49), (43, 48), (46, 57), (47, 56)]
Pairs:
 [2, 64, 5, 61, 6, 60, 7, 59, 8, 58, 12, 40, 13, 39, 14, 38, 15, 37, 16, 34, 17, 33, 18, 32, 19, 31, 20, 30, 21, 29, 22, 28, 41, 50, 42, 49, 43, 48, 46, 57, 47, 56]
Dot Bracket:
 ..(..((((...(((((((((((.....)))))))..))))(((..[[))).....]]))))..).......
72


Iteration 12


setting environment up
running sampling algorithm
beginning Burn in iterations

Centroid Structure
Length:
 21
Pairs:
 [(2, 63), (5, 61), (6, 60), (7, 59), (8, 58), (9, 57), (10, 56), (11, 55), (12, 54), (13, 53), (16, 34), (17, 33), (18, 32), (19, 31), (20, 30), (21, 29), (22, 28), (36, 43), (37, 42), (38, 47), (39, 46)]
Pairs:
 [2, 63, 5, 61, 6, 60, 7, 59, 8, 58, 9, 57, 10, 56, 11, 55, 12, 54, 13, 53, 16, 34, 17, 33, 18, 32, 19, 31, 20, 30, 21, 29, 22, 28, 36, 43, 37, 42, 38, 47, 39, 46]
Dot Bracket:
 ..(..(((((((((..(((((((.....))))))).(([[..))..]].....))))))))).)........
72


Iteration 13


setting environment up
running sampling algorithm
beginning Burn in iterations

Centroid Structure
Length:
 21
Pairs:
 [(1, 65), (5, 61), (6, 60), (7, 59), (8, 58), (9, 57), (10, 56), (11, 55), (12, 54), (13, 53), (16, 34), (17, 33), (18, 32), (19, 31), (20, 30), (21, 29), (22, 28), (40, 51), (41, 50), (42, 49), (43, 48)]
Pairs:
 [1, 65, 5, 61, 6, 60, 7, 59, 8, 58, 9, 57, 10, 56, 11, 55, 12, 54, 13, 53, 16, 34, 17, 33, 18, 32, 19, 31, 20, 30, 21, 29, 22, 28, 40, 51, 41, 50, 42, 49, 43, 48]
Dot Bracket:
 .(...(((((((((..(((((((.....))))))).....((((....)))).)))))))))...)......
72


Iteration 14


setting environment up
running sampling algorithm
beginning Burn in iterations

Centroid Structure
Length:
 22
Pairs:
 [(1, 65), (2, 64), (5, 61), (6, 60), (7, 59), (8, 58), (9, 57), (10, 56), (11, 55), (12, 54), (13, 53), (16, 34), (17, 33), (18, 32), (19, 31), (20, 30), (21, 29), (22, 28), (40, 51), (41, 50), (42, 49), (43, 48)]
Pairs:
 [1, 65, 2, 64, 5, 61, 6, 60, 7, 59, 8, 58, 9, 57, 10, 56, 11, 55, 12, 54, 13, 53, 16, 34, 17, 33, 18, 32, 19, 31, 20, 30, 21, 29, 22, 28, 40, 51, 41, 50, 42, 49, 43, 48]
Dot Bracket:
 .((..(((((((((..(((((((.....))))))).....((((....)))).)))))))))..))......
72


Iteration 15


setting environment up
running sampling algorithm
beginning Burn in iterations

Centroid Structure
Length:
 23
Pairs:
 [(0, 64), (1, 65), (4, 61), (5, 60), (7, 59), (8, 58), (9, 44), (12, 54), (13, 53), (14, 38), (15, 37), (17, 33), (18, 32), (19, 31), (20, 30), (21, 29), (22, 28), (40, 51), (41, 50), (42, 49), (43, 48), (46, 57), (47, 56)]
Pairs:
 [0, 64, 1, 65, 4, 61, 5, 60, 7, 59, 8, 58, 9, 44, 12, 54, 13, 53, 14, 38, 15, 37, 17, 33, 18, 32, 19, 31, 20, 30, 21, 29, 22, 28, 40, 51, 41, 50, 42, 49, 43, 48, 46, 57, 47, 56]
Dot Bracket:
 ([..[[.[[[..((((.((((((.....))))))...)).((((].[[)))).)).]]]]]]..)]......
72


Iteration 16


setting environment up
running sampling algorithm
beginning Burn in iterations

Centroid Structure
Length:
 21
Pairs:
 [(2, 64), (5, 61), (6, 60), (7, 59), (8, 58), (9, 57), (10, 56), (11, 55), (12, 54), (13, 53), (14, 38), (15, 37), (16, 34), (17, 33), (18, 32), (19, 31), (20, 30), (21, 29), (22, 28), (42, 49), (43, 48)]
Pairs:
 [2, 64, 5, 61, 6, 60, 7, 59, 8, 58, 9, 57, 10, 56, 11, 55, 12, 54, 13, 53, 14, 38, 15, 37, 16, 34, 17, 33, 18, 32, 19, 31, 20, 30, 21, 29, 22, 28, 42, 49, 43, 48]
Dot Bracket:
 ..(..((((((((((((((((((.....)))))))..))...((....))...)))))))))..).......
72


Iteration 17


setting environment up
running sampling algorithm
beginning Burn in iterations

Centroid Structure
Length:
 20
Pairs:
 [(1, 65), (5, 61), (6, 60), (7, 59), (8, 58), (9, 57), (10, 56), (11, 55), (12, 54), (16, 34), (17, 33), (18, 32), (19, 31), (20, 30), (21, 29), (22, 28), (40, 51), (41, 50), (42, 49), (43, 48)]
Pairs:
 [1, 65, 5, 61, 6, 60, 7, 59, 8, 58, 9, 57, 10, 56, 11, 55, 12, 54, 16, 34, 17, 33, 18, 32, 19, 31, 20, 30, 21, 29, 22, 28, 40, 51, 41, 50, 42, 49, 43, 48]
Dot Bracket:
 .(...((((((((...(((((((.....))))))).....((((....))))..))))))))...)......
72


Iteration 18


setting environment up
running sampling algorithm
beginning Burn in iterations

Centroid Structure
Length:
 23
Pairs:
 [(0, 64), (1, 65), (2, 63), (5, 61), (7, 59), (8, 58), (12, 54), (13, 39), (15, 37), (16, 34), (17, 33), (18, 32), (19, 31), (20, 30), (21, 29), (22, 28), (38, 52), (40, 51), (41, 50), (42, 49), (46, 57), (47, 56), (48, 55)]
Pairs:
 [0, 64, 1, 65, 2, 63, 5, 61, 7, 59, 8, 58, 12, 54, 13, 39, 15, 37, 16, 34, 17, 33, 18, 32, 19, 31, 20, 30, 21, 29, 22, 28, 38, 52, 40, 51, 41, 50, 42, 49, 46, 57, 47, 56, 48, 55]
Dot Bracket:
 ([[..[.[[...[[.[[[[[[[[.....]]]]]]]..](](((...[[[)))).]]]]]].].])]......
72


Iteration 19


setting environment up
running sampling algorithm
beginning Burn in iterations

Centroid Structure
Length:
 21
Pairs:
 [(0, 64), (2, 62), (5, 61), (6, 60), (7, 59), (8, 58), (9, 57), (10, 56), (11, 55), (12, 54), (13, 53), (16, 34), (17, 33), (18, 32), (19, 31), (20, 30), (21, 29), (22, 28), (41, 50), (42, 49), (43, 48)]
Pairs:
 [0, 64, 2, 62, 5, 61, 6, 60, 7, 59, 8, 58, 9, 57, 10, 56, 11, 55, 12, 54, 13, 53, 16, 34, 17, 33, 18, 32, 19, 31, 20, 30, 21, 29, 22, 28, 41, 50, 42, 49, 43, 48]
Dot Bracket:
 (.(..(((((((((..(((((((.....)))))))......(((....)))..)))))))))).).......
72
