Iteration 0

setting environment up
running sfold binary

Sfold Executable Code for Academic Users, Version 2.2-20110126
 Running partition function and statistical sampling module... done
 (general output in /home/chris/devtree/pseudoKnot_research/output/sfold.out)
 Running structure clustering module... done
 (general output in /home/chris/devtree/pseudoKnot_research/output/sclass.out)
Process completed. See output files in '/home/chris/devtree/pseudoKnot_research/output'.

running sampling algorithm
beginning Burn in iterations

Centroid Structure
Length:
 41
Pairs:
 [(0, 53), (1, 52), (2, 51), (3, 50), (4, 49), (5, 48), (6, 47), (8, 46), (9, 45), (10, 44), (11, 43), (12, 42), (13, 40), (14, 39), (15, 38), (16, 37), (17, 36), (19, 34), (21, 32), (22, 31), (23, 30), (24, 29), (54, 62), (55, 61), (64, 106), (65, 105), (66, 104), (67, 103), (68, 102), (69, 101), (70, 100), (71, 99), (74, 97), (75, 96), (76, 95), (77, 94), (78, 93), (80, 92), (81, 91), (83, 89), (84, 88)]
Pairs:
 [0, 53, 1, 52, 2, 51, 3, 50, 4, 49, 5, 48, 6, 47, 8, 46, 9, 45, 10, 44, 11, 43, 12, 42, 13, 40, 14, 39, 15, 38, 16, 37, 17, 36, 19, 34, 21, 32, 22, 31, 23, 30, 24, 29, 54, 62, 55, 61, 64, 106, 65, 105, 66, 104, 67, 103, 68, 102, 69, 101, 70, 100, 71, 99, 74, 97, 75, 96, 76, 95, 77, 94, 78, 93, 80, 92, 81, 91, 83, 89, 84, 88]
Dot Bracket:
 (((((((.((((((((((.(.((((....)))).).))))).))))))))))))((.....)).((((((((..(((((.((.((...)).))))))).)))))))).
108


Iteration 1


setting environment up
running sampling algorithm
beginning Burn in iterations

Centroid Structure
Length:
 42
Pairs:
 [(0, 53), (1, 52), (2, 51), (3, 50), (4, 49), (5, 48), (6, 47), (8, 46), (9, 45), (10, 44), (11, 43), (12, 42), (13, 40), (14, 39), (15, 38), (16, 37), (17, 36), (19, 34), (21, 32), (22, 31), (23, 30), (24, 29), (54, 62), (55, 61), (56, 60), (64, 106), (65, 105), (66, 104), (67, 103), (68, 102), (69, 101), (70, 100), (71, 99), (74, 97), (75, 96), (76, 95), (77, 94), (79, 93), (80, 92), (81, 91), (83, 89), (84, 88)]
Pairs:
 [0, 53, 1, 52, 2, 51, 3, 50, 4, 49, 5, 48, 6, 47, 8, 46, 9, 45, 10, 44, 11, 43, 12, 42, 13, 40, 14, 39, 15, 38, 16, 37, 17, 36, 19, 34, 21, 32, 22, 31, 23, 30, 24, 29, 54, 62, 55, 61, 56, 60, 64, 106, 65, 105, 66, 104, 67, 103, 68, 102, 69, 101, 70, 100, 71, 99, 74, 97, 75, 96, 76, 95, 77, 94, 79, 93, 80, 92, 81, 91, 83, 89, 84, 88]
Dot Bracket:
 (((((((.((((((((((.(.((((....)))).).))))).))))))))))))(((...))).((((((((..((((.(((.((...)).))))))).)))))))).
108


Iteration 2


setting environment up
running sampling algorithm
beginning Burn in iterations

Centroid Structure
Length:
 39
Pairs:
 [(0, 53), (1, 52), (2, 51), (3, 50), (4, 49), (5, 48), (6, 47), (8, 46), (9, 45), (10, 44), (11, 43), (12, 42), (13, 40), (14, 39), (15, 38), (16, 37), (17, 36), (21, 32), (22, 31), (23, 30), (24, 29), (54, 62), (55, 61), (64, 106), (65, 105), (66, 104), (67, 103), (68, 102), (69, 101), (70, 100), (71, 99), (74, 97), (75, 96), (76, 95), (77, 94), (79, 93), (80, 92), (81, 91), (83, 89)]
Pairs:
 [0, 53, 1, 52, 2, 51, 3, 50, 4, 49, 5, 48, 6, 47, 8, 46, 9, 45, 10, 44, 11, 43, 12, 42, 13, 40, 14, 39, 15, 38, 16, 37, 17, 36, 21, 32, 22, 31, 23, 30, 24, 29, 54, 62, 55, 61, 64, 106, 65, 105, 66, 104, 67, 103, 68, 102, 69, 101, 70, 100, 71, 99, 74, 97, 75, 96, 76, 95, 77, 94, 79, 93, 80, 92, 81, 91, 83, 89]
Dot Bracket:
 (((((((.((((((((((...((((....))))...))))).))))))))))))((.....)).((((((((..((((.(((.(.....).))))))).)))))))).
108


Iteration 3


setting environment up
running sampling algorithm
beginning Burn in iterations

Centroid Structure
Length:
 38
Pairs:
 [(0, 53), (1, 52), (2, 51), (3, 50), (4, 49), (5, 48), (6, 47), (8, 46), (9, 45), (10, 44), (11, 43), (12, 42), (13, 40), (14, 39), (15, 38), (16, 37), (17, 36), (19, 34), (21, 32), (22, 31), (23, 30), (24, 29), (64, 106), (65, 105), (66, 104), (67, 103), (68, 102), (69, 101), (70, 100), (71, 99), (74, 97), (75, 96), (76, 95), (77, 94), (79, 93), (80, 92), (81, 91), (83, 89)]
Pairs:
 [0, 53, 1, 52, 2, 51, 3, 50, 4, 49, 5, 48, 6, 47, 8, 46, 9, 45, 10, 44, 11, 43, 12, 42, 13, 40, 14, 39, 15, 38, 16, 37, 17, 36, 19, 34, 21, 32, 22, 31, 23, 30, 24, 29, 64, 106, 65, 105, 66, 104, 67, 103, 68, 102, 69, 101, 70, 100, 71, 99, 74, 97, 75, 96, 76, 95, 77, 94, 79, 93, 80, 92, 81, 91, 83, 89]
Dot Bracket:
 (((((((.((((((((((.(.((((....)))).).))))).))))))))))))..........((((((((..((((.(((.(.....).))))))).)))))))).
108


Iteration 4


setting environment up
running sampling algorithm
beginning Burn in iterations

Centroid Structure
Length:
 39
Pairs:
 [(0, 53), (1, 52), (2, 51), (3, 50), (4, 49), (5, 48), (6, 47), (8, 46), (9, 45), (10, 44), (11, 43), (12, 42), (13, 40), (14, 39), (15, 38), (16, 37), (17, 36), (19, 34), (21, 32), (22, 31), (23, 30), (24, 29), (64, 106), (65, 105), (66, 104), (67, 103), (68, 102), (69, 101), (70, 100), (71, 99), (74, 97), (75, 96), (76, 95), (77, 94), (79, 93), (80, 92), (81, 91), (83, 89), (84, 88)]
Pairs:
 [0, 53, 1, 52, 2, 51, 3, 50, 4, 49, 5, 48, 6, 47, 8, 46, 9, 45, 10, 44, 11, 43, 12, 42, 13, 40, 14, 39, 15, 38, 16, 37, 17, 36, 19, 34, 21, 32, 22, 31, 23, 30, 24, 29, 64, 106, 65, 105, 66, 104, 67, 103, 68, 102, 69, 101, 70, 100, 71, 99, 74, 97, 75, 96, 76, 95, 77, 94, 79, 93, 80, 92, 81, 91, 83, 89, 84, 88]
Dot Bracket:
 (((((((.((((((((((.(.((((....)))).).))))).))))))))))))..........((((((((..((((.(((.((...)).))))))).)))))))).
108


Iteration 5


setting environment up
running sampling algorithm
beginning Burn in iterations

Centroid Structure
Length:
 40
Pairs:
 [(0, 53), (1, 52), (2, 51), (3, 50), (4, 49), (5, 48), (6, 47), (7, 46), (9, 45), (10, 44), (11, 43), (12, 42), (13, 40), (14, 39), (15, 38), (17, 36), (19, 35), (21, 32), (22, 31), (23, 30), (24, 29), (54, 62), (55, 61), (64, 106), (65, 105), (66, 104), (67, 103), (68, 102), (69, 101), (70, 100), (71, 99), (74, 97), (75, 96), (76, 95), (77, 94), (79, 93), (80, 92), (81, 91), (83, 89), (84, 88)]
Pairs:
 [0, 53, 1, 52, 2, 51, 3, 50, 4, 49, 5, 48, 6, 47, 7, 46, 9, 45, 10, 44, 11, 43, 12, 42, 13, 40, 14, 39, 15, 38, 17, 36, 19, 35, 21, 32, 22, 31, 23, 30, 24, 29, 54, 62, 55, 61, 64, 106, 65, 105, 66, 104, 67, 103, 68, 102, 69, 101, 70, 100, 71, 99, 74, 97, 75, 96, 76, 95, 77, 94, 79, 93, 80, 92, 81, 91, 83, 89, 84, 88]
Dot Bracket:
 ((((((((.(((((((.(.(.((((....))))..)).))).))))))))))))((.....)).((((((((..((((.(((.((...)).))))))).)))))))).
108


Iteration 6


setting environment up
running sampling algorithm
beginning Burn in iterations

Centroid Structure
Length:
 41
Pairs:
 [(0, 53), (1, 52), (2, 51), (3, 50), (4, 49), (5, 48), (6, 47), (7, 46), (9, 45), (10, 44), (11, 43), (12, 42), (13, 40), (14, 39), (15, 38), (16, 37), (17, 36), (19, 34), (21, 32), (22, 31), (23, 30), (24, 29), (56, 63), (57, 62), (64, 106), (65, 105), (66, 104), (67, 103), (68, 102), (69, 101), (70, 100), (71, 99), (74, 97), (75, 96), (76, 95), (77, 94), (79, 93), (80, 92), (81, 91), (83, 89), (84, 88)]
Pairs:
 [0, 53, 1, 52, 2, 51, 3, 50, 4, 49, 5, 48, 6, 47, 7, 46, 9, 45, 10, 44, 11, 43, 12, 42, 13, 40, 14, 39, 15, 38, 16, 37, 17, 36, 19, 34, 21, 32, 22, 31, 23, 30, 24, 29, 56, 63, 57, 62, 64, 106, 65, 105, 66, 104, 67, 103, 68, 102, 69, 101, 70, 100, 71, 99, 74, 97, 75, 96, 76, 95, 77, 94, 79, 93, 80, 92, 81, 91, 83, 89, 84, 88]
Dot Bracket:
 ((((((((.(((((((((.(.((((....)))).).))))).))))))))))))..((....))((((((((..((((.(((.((...)).))))))).)))))))).
108


Iteration 7


setting environment up
running sampling algorithm
beginning Burn in iterations

Centroid Structure
Length:
 38
Pairs:
 [(0, 53), (1, 52), (2, 51), (3, 50), (4, 49), (5, 48), (6, 47), (7, 46), (9, 45), (10, 44), (11, 43), (12, 42), (13, 40), (14, 39), (15, 38), (16, 37), (17, 36), (21, 32), (22, 31), (23, 30), (24, 29), (64, 106), (65, 105), (66, 104), (67, 103), (68, 102), (69, 101), (70, 100), (71, 99), (74, 97), (75, 96), (76, 95), (77, 94), (79, 93), (80, 92), (81, 91), (83, 89), (84, 88)]
Pairs:
 [0, 53, 1, 52, 2, 51, 3, 50, 4, 49, 5, 48, 6, 47, 7, 46, 9, 45, 10, 44, 11, 43, 12, 42, 13, 40, 14, 39, 15, 38, 16, 37, 17, 36, 21, 32, 22, 31, 23, 30, 24, 29, 64, 106, 65, 105, 66, 104, 67, 103, 68, 102, 69, 101, 70, 100, 71, 99, 74, 97, 75, 96, 76, 95, 77, 94, 79, 93, 80, 92, 81, 91, 83, 89, 84, 88]
Dot Bracket:
 ((((((((.(((((((((...((((....))))...))))).))))))))))))..........((((((((..((((.(((.((...)).))))))).)))))))).
108


Iteration 8


setting environment up
running sampling algorithm
beginning Burn in iterations

Centroid Structure
Length:
 39
Pairs:
 [(0, 53), (1, 52), (2, 51), (3, 50), (4, 49), (5, 48), (6, 47), (7, 46), (9, 45), (10, 44), (11, 43), (12, 42), (13, 40), (14, 39), (15, 38), (16, 37), (17, 36), (19, 34), (21, 32), (22, 31), (23, 30), (24, 29), (64, 106), (65, 105), (66, 104), (67, 103), (68, 102), (69, 101), (70, 100), (71, 99), (74, 97), (75, 96), (76, 95), (77, 94), (79, 93), (80, 92), (82, 91), (83, 89), (84, 88)]
Pairs:
 [0, 53, 1, 52, 2, 51, 3, 50, 4, 49, 5, 48, 6, 47, 7, 46, 9, 45, 10, 44, 11, 43, 12, 42, 13, 40, 14, 39, 15, 38, 16, 37, 17, 36, 19, 34, 21, 32, 22, 31, 23, 30, 24, 29, 64, 106, 65, 105, 66, 104, 67, 103, 68, 102, 69, 101, 70, 100, 71, 99, 74, 97, 75, 96, 76, 95, 77, 94, 79, 93, 80, 92, 82, 91, 83, 89, 84, 88]
Dot Bracket:
 ((((((((.(((((((((.(.((((....)))).).))))).))))))))))))..........((((((((..((((.((.(((...)).))))))).)))))))).
108


Iteration 9


setting environment up
running sampling algorithm
beginning Burn in iterations

Centroid Structure
Length:
 37
Pairs:
 [(0, 53), (1, 52), (2, 51), (3, 50), (4, 49), (5, 48), (6, 47), (8, 46), (9, 45), (10, 44), (11, 43), (12, 42), (13, 40), (14, 39), (15, 38), (16, 37), (17, 36), (21, 32), (22, 31), (23, 30), (24, 29), (64, 106), (65, 105), (66, 104), (67, 103), (68, 102), (69, 101), (70, 100), (71, 99), (74, 97), (75, 96), (76, 95), (77, 94), (78, 93), (80, 92), (83, 89), (84, 88)]
Pairs:
 [0, 53, 1, 52, 2, 51, 3, 50, 4, 49, 5, 48, 6, 47, 8, 46, 9, 45, 10, 44, 11, 43, 12, 42, 13, 40, 14, 39, 15, 38, 16, 37, 17, 36, 21, 32, 22, 31, 23, 30, 24, 29, 64, 106, 65, 105, 66, 104, 67, 103, 68, 102, 69, 101, 70, 100, 71, 99, 74, 97, 75, 96, 76, 95, 77, 94, 78, 93, 80, 92, 83, 89, 84, 88]
Dot Bracket:
 (((((((.((((((((((...((((....))))...))))).))))))))))))..........((((((((..(((((.(..((...))..)))))).)))))))).
108


Iteration 10


setting environment up
running sampling algorithm
beginning Burn in iterations

Centroid Structure
Length:
 40
Pairs:
 [(0, 53), (1, 52), (2, 51), (3, 50), (4, 49), (5, 48), (6, 47), (8, 46), (9, 45), (10, 44), (11, 43), (12, 42), (13, 40), (14, 39), (15, 38), (16, 37), (17, 36), (21, 32), (22, 31), (23, 30), (24, 29), (54, 62), (55, 61), (64, 106), (65, 105), (66, 104), (67, 103), (68, 102), (69, 101), (70, 100), (71, 99), (74, 97), (75, 96), (76, 95), (77, 94), (79, 93), (81, 92), (82, 91), (83, 89), (84, 88)]
Pairs:
 [0, 53, 1, 52, 2, 51, 3, 50, 4, 49, 5, 48, 6, 47, 8, 46, 9, 45, 10, 44, 11, 43, 12, 42, 13, 40, 14, 39, 15, 38, 16, 37, 17, 36, 21, 32, 22, 31, 23, 30, 24, 29, 54, 62, 55, 61, 64, 106, 65, 105, 66, 104, 67, 103, 68, 102, 69, 101, 70, 100, 71, 99, 74, 97, 75, 96, 76, 95, 77, 94, 79, 93, 81, 92, 82, 91, 83, 89, 84, 88]
Dot Bracket:
 (((((((.((((((((((...((((....))))...))))).))))))))))))((.....)).((((((((..((((.(.((((...)).))))))).)))))))).
108


Iteration 11


setting environment up
running sampling algorithm
beginning Burn in iterations

Centroid Structure
Length:
 39
Pairs:
 [(0, 53), (1, 52), (2, 51), (3, 50), (4, 49), (5, 48), (6, 47), (8, 46), (9, 45), (10, 44), (11, 43), (12, 42), (13, 40), (14, 39), (15, 38), (16, 37), (17, 36), (19, 34), (21, 32), (22, 31), (23, 30), (24, 29), (64, 106), (65, 105), (66, 104), (67, 103), (68, 102), (69, 101), (70, 100), (71, 99), (74, 97), (75, 96), (76, 95), (77, 94), (79, 93), (80, 92), (81, 91), (83, 89), (84, 88)]
Pairs:
 [0, 53, 1, 52, 2, 51, 3, 50, 4, 49, 5, 48, 6, 47, 8, 46, 9, 45, 10, 44, 11, 43, 12, 42, 13, 40, 14, 39, 15, 38, 16, 37, 17, 36, 19, 34, 21, 32, 22, 31, 23, 30, 24, 29, 64, 106, 65, 105, 66, 104, 67, 103, 68, 102, 69, 101, 70, 100, 71, 99, 74, 97, 75, 96, 76, 95, 77, 94, 79, 93, 80, 92, 81, 91, 83, 89, 84, 88]
Dot Bracket:
 (((((((.((((((((((.(.((((....)))).).))))).))))))))))))..........((((((((..((((.(((.((...)).))))))).)))))))).
108


Iteration 12


setting environment up
running sampling algorithm
beginning Burn in iterations

Centroid Structure
Length:
 39
Pairs:
 [(0, 53), (1, 52), (2, 51), (3, 50), (4, 49), (5, 48), (6, 47), (7, 46), (9, 45), (10, 44), (11, 43), (12, 42), (13, 40), (14, 39), (15, 38), (16, 37), (17, 36), (19, 34), (21, 32), (22, 31), (23, 30), (24, 29), (64, 106), (65, 105), (66, 104), (67, 103), (68, 102), (69, 101), (70, 100), (71, 99), (74, 97), (75, 96), (76, 95), (77, 94), (78, 93), (80, 92), (81, 91), (83, 89), (84, 88)]
Pairs:
 [0, 53, 1, 52, 2, 51, 3, 50, 4, 49, 5, 48, 6, 47, 7, 46, 9, 45, 10, 44, 11, 43, 12, 42, 13, 40, 14, 39, 15, 38, 16, 37, 17, 36, 19, 34, 21, 32, 22, 31, 23, 30, 24, 29, 64, 106, 65, 105, 66, 104, 67, 103, 68, 102, 69, 101, 70, 100, 71, 99, 74, 97, 75, 96, 76, 95, 77, 94, 78, 93, 80, 92, 81, 91, 83, 89, 84, 88]
Dot Bracket:
 ((((((((.(((((((((.(.((((....)))).).))))).))))))))))))..........((((((((..(((((.((.((...)).))))))).)))))))).
108


Iteration 13


setting environment up
running sampling algorithm
beginning Burn in iterations

Centroid Structure
Length:
 38
Pairs:
 [(0, 53), (1, 52), (2, 51), (3, 50), (4, 49), (5, 48), (6, 47), (8, 46), (9, 45), (10, 44), (11, 43), (12, 42), (13, 40), (14, 39), (15, 38), (16, 37), (17, 36), (19, 34), (21, 32), (22, 31), (23, 30), (24, 29), (64, 106), (65, 105), (66, 104), (67, 103), (68, 102), (69, 101), (70, 100), (71, 99), (74, 97), (75, 96), (76, 95), (77, 94), (78, 93), (80, 92), (81, 91), (83, 89)]
Pairs:
 [0, 53, 1, 52, 2, 51, 3, 50, 4, 49, 5, 48, 6, 47, 8, 46, 9, 45, 10, 44, 11, 43, 12, 42, 13, 40, 14, 39, 15, 38, 16, 37, 17, 36, 19, 34, 21, 32, 22, 31, 23, 30, 24, 29, 64, 106, 65, 105, 66, 104, 67, 103, 68, 102, 69, 101, 70, 100, 71, 99, 74, 97, 75, 96, 76, 95, 77, 94, 78, 93, 80, 92, 81, 91, 83, 89]
Dot Bracket:
 (((((((.((((((((((.(.((((....)))).).))))).))))))))))))..........((((((((..(((((.((.(.....).))))))).)))))))).
108


Iteration 14


setting environment up
running sampling algorithm
beginning Burn in iterations

Centroid Structure
Length:
 37
Pairs:
 [(0, 53), (1, 52), (2, 51), (3, 50), (4, 49), (5, 48), (6, 47), (8, 46), (9, 45), (10, 44), (11, 43), (12, 42), (13, 40), (14, 39), (15, 38), (16, 37), (19, 34), (20, 32), (23, 30), (24, 29), (64, 106), (65, 105), (66, 104), (67, 103), (68, 102), (69, 101), (70, 100), (71, 99), (74, 97), (75, 96), (76, 95), (77, 94), (79, 93), (80, 92), (81, 91), (83, 89), (84, 88)]
Pairs:
 [0, 53, 1, 52, 2, 51, 3, 50, 4, 49, 5, 48, 6, 47, 8, 46, 9, 45, 10, 44, 11, 43, 12, 42, 13, 40, 14, 39, 15, 38, 16, 37, 19, 34, 20, 32, 23, 30, 24, 29, 64, 106, 65, 105, 66, 104, 67, 103, 68, 102, 69, 101, 70, 100, 71, 99, 74, 97, 75, 96, 76, 95, 77, 94, 79, 93, 80, 92, 81, 91, 83, 89, 84, 88]
Dot Bracket:
 (((((((.(((((((((..((..((....)).).)..)))).))))))))))))..........((((((((..((((.(((.((...)).))))))).)))))))).
108


Iteration 15


setting environment up
running sampling algorithm
beginning Burn in iterations

Centroid Structure
Length:
 39
Pairs:
 [(0, 53), (1, 52), (2, 51), (3, 50), (4, 49), (5, 48), (6, 47), (7, 46), (9, 45), (10, 44), (11, 43), (12, 42), (13, 40), (14, 39), (15, 38), (16, 37), (17, 36), (19, 34), (21, 32), (22, 31), (23, 30), (24, 29), (64, 106), (65, 105), (66, 104), (67, 103), (68, 102), (69, 101), (70, 100), (71, 99), (74, 97), (75, 96), (76, 95), (77, 94), (78, 93), (80, 92), (81, 91), (83, 89), (84, 88)]
Pairs:
 [0, 53, 1, 52, 2, 51, 3, 50, 4, 49, 5, 48, 6, 47, 7, 46, 9, 45, 10, 44, 11, 43, 12, 42, 13, 40, 14, 39, 15, 38, 16, 37, 17, 36, 19, 34, 21, 32, 22, 31, 23, 30, 24, 29, 64, 106, 65, 105, 66, 104, 67, 103, 68, 102, 69, 101, 70, 100, 71, 99, 74, 97, 75, 96, 76, 95, 77, 94, 78, 93, 80, 92, 81, 91, 83, 89, 84, 88]
Dot Bracket:
 ((((((((.(((((((((.(.((((....)))).).))))).))))))))))))..........((((((((..(((((.((.((...)).))))))).)))))))).
108


Iteration 16


setting environment up
running sampling algorithm
beginning Burn in iterations

Centroid Structure
Length:
 39
Pairs:
 [(0, 53), (1, 52), (2, 51), (3, 50), (4, 49), (5, 48), (6, 47), (8, 46), (9, 45), (10, 44), (11, 43), (12, 42), (13, 40), (14, 39), (15, 38), (16, 37), (17, 36), (19, 34), (21, 32), (22, 31), (23, 30), (24, 29), (64, 106), (65, 105), (66, 104), (67, 103), (68, 102), (69, 101), (70, 100), (71, 99), (74, 97), (75, 96), (76, 95), (77, 94), (79, 93), (80, 92), (81, 91), (83, 89), (84, 88)]
Pairs:
 [0, 53, 1, 52, 2, 51, 3, 50, 4, 49, 5, 48, 6, 47, 8, 46, 9, 45, 10, 44, 11, 43, 12, 42, 13, 40, 14, 39, 15, 38, 16, 37, 17, 36, 19, 34, 21, 32, 22, 31, 23, 30, 24, 29, 64, 106, 65, 105, 66, 104, 67, 103, 68, 102, 69, 101, 70, 100, 71, 99, 74, 97, 75, 96, 76, 95, 77, 94, 79, 93, 80, 92, 81, 91, 83, 89, 84, 88]
Dot Bracket:
 (((((((.((((((((((.(.((((....)))).).))))).))))))))))))..........((((((((..((((.(((.((...)).))))))).)))))))).
108


Iteration 17


setting environment up
running sampling algorithm
beginning Burn in iterations

Centroid Structure
Length:
 38
Pairs:
 [(0, 53), (1, 52), (2, 51), (3, 50), (4, 49), (5, 48), (6, 47), (7, 46), (9, 45), (10, 44), (11, 43), (12, 42), (13, 40), (14, 39), (15, 38), (16, 37), (17, 36), (21, 32), (22, 31), (23, 30), (24, 29), (64, 106), (65, 105), (66, 104), (67, 103), (68, 102), (69, 101), (70, 100), (71, 99), (74, 97), (75, 96), (76, 95), (77, 94), (79, 93), (80, 92), (81, 91), (83, 89), (84, 88)]
Pairs:
 [0, 53, 1, 52, 2, 51, 3, 50, 4, 49, 5, 48, 6, 47, 7, 46, 9, 45, 10, 44, 11, 43, 12, 42, 13, 40, 14, 39, 15, 38, 16, 37, 17, 36, 21, 32, 22, 31, 23, 30, 24, 29, 64, 106, 65, 105, 66, 104, 67, 103, 68, 102, 69, 101, 70, 100, 71, 99, 74, 97, 75, 96, 76, 95, 77, 94, 79, 93, 80, 92, 81, 91, 83, 89, 84, 88]
Dot Bracket:
 ((((((((.(((((((((...((((....))))...))))).))))))))))))..........((((((((..((((.(((.((...)).))))))).)))))))).
108


Iteration 18


setting environment up
running sampling algorithm
beginning Burn in iterations

Centroid Structure
Length:
 38
Pairs:
 [(0, 53), (1, 52), (2, 51), (3, 50), (4, 49), (5, 48), (6, 47), (8, 46), (9, 45), (10, 44), (11, 43), (12, 42), (13, 40), (14, 39), (15, 38), (16, 37), (17, 36), (19, 34), (21, 32), (22, 31), (23, 30), (24, 29), (64, 106), (65, 105), (66, 104), (67, 103), (68, 102), (69, 101), (70, 100), (71, 99), (74, 97), (75, 96), (76, 95), (77, 94), (79, 93), (80, 92), (83, 89), (84, 88)]
Pairs:
 [0, 53, 1, 52, 2, 51, 3, 50, 4, 49, 5, 48, 6, 47, 8, 46, 9, 45, 10, 44, 11, 43, 12, 42, 13, 40, 14, 39, 15, 38, 16, 37, 17, 36, 19, 34, 21, 32, 22, 31, 23, 30, 24, 29, 64, 106, 65, 105, 66, 104, 67, 103, 68, 102, 69, 101, 70, 100, 71, 99, 74, 97, 75, 96, 76, 95, 77, 94, 79, 93, 80, 92, 83, 89, 84, 88]
Dot Bracket:
 (((((((.((((((((((.(.((((....)))).).))))).))))))))))))..........((((((((..((((.((..((...))..)))))).)))))))).
108


Iteration 19


setting environment up
running sampling algorithm
beginning Burn in iterations

Centroid Structure
Length:
 37
Pairs:
 [(0, 53), (1, 52), (2, 51), (3, 50), (4, 49), (5, 48), (6, 47), (8, 46), (9, 45), (10, 44), (11, 43), (12, 42), (13, 40), (14, 39), (15, 38), (16, 37), (17, 36), (21, 32), (22, 31), (23, 30), (64, 106), (65, 105), (66, 104), (67, 103), (68, 102), (69, 101), (70, 100), (71, 99), (74, 97), (75, 96), (76, 95), (77, 94), (78, 93), (80, 92), (81, 91), (83, 89), (84, 88)]
Pairs:
 [0, 53, 1, 52, 2, 51, 3, 50, 4, 49, 5, 48, 6, 47, 8, 46, 9, 45, 10, 44, 11, 43, 12, 42, 13, 40, 14, 39, 15, 38, 16, 37, 17, 36, 21, 32, 22, 31, 23, 30, 64, 106, 65, 105, 66, 104, 67, 103, 68, 102, 69, 101, 70, 100, 71, 99, 74, 97, 75, 96, 76, 95, 77, 94, 78, 93, 80, 92, 81, 91, 83, 89, 84, 88]
Dot Bracket:
 (((((((.((((((((((...(((......)))...))))).))))))))))))..........((((((((..(((((.((.((...)).))))))).)))))))).
108
