Iteration 0

setting environment up
running sfold binary

Sfold Executable Code for Academic Users, Version 2.2-20110126
 Running partition function and statistical sampling module... done
 (general output in /home/chris/devtree/pseudoKnot_research/output/sfold.out)
 Running structure clustering module... done
 (general output in /home/chris/devtree/pseudoKnot_research/output/sclass.out)
Process completed. See output files in '/home/chris/devtree/pseudoKnot_research/output'.

running sampling algorithm
beginning Burn in iterations

Centroid Structure
Length:
 31
Pairs:
 [(6, 54), (9, 50), (10, 49), (12, 47), (13, 46), (14, 45), (15, 44), (16, 43), (17, 42), (18, 40), (19, 39), (20, 38), (21, 37), (23, 36), (24, 35), (25, 34), (26, 33), (27, 32), (55, 90), (56, 89), (57, 88), (59, 87), (60, 86), (61, 85), (62, 84), (63, 83), (68, 80), (69, 79), (70, 78), (71, 77), (72, 76)]
Pairs:
 [6, 54, 9, 50, 10, 49, 12, 47, 13, 46, 14, 45, 15, 44, 16, 43, 17, 42, 18, 40, 19, 39, 20, 38, 21, 37, 23, 36, 24, 35, 25, 34, 26, 33, 27, 32, 55, 90, 56, 89, 57, 88, 59, 87, 60, 86, 61, 85, 62, 84, 63, 83, 68, 80, 69, 79, 70, 78, 71, 77, 72, 76]
Dot Bracket:
 ......(..((.((((((((((.(((((....))))))))).)))))).))...)(((.(((((....(((((...)))))..)))))))).
92


Iteration 1


setting environment up
running sampling algorithm
beginning Burn in iterations

Centroid Structure
Length:
 32
Pairs:
 [(7, 52), (9, 50), (10, 49), (12, 47), (13, 46), (14, 45), (15, 44), (16, 43), (17, 42), (18, 40), (19, 39), (20, 38), (21, 37), (23, 36), (24, 35), (25, 34), (26, 33), (27, 32), (55, 90), (56, 89), (57, 88), (59, 87), (60, 86), (61, 85), (62, 84), (63, 83), (65, 82), (68, 80), (69, 79), (70, 78), (71, 77), (72, 76)]
Pairs:
 [7, 52, 9, 50, 10, 49, 12, 47, 13, 46, 14, 45, 15, 44, 16, 43, 17, 42, 18, 40, 19, 39, 20, 38, 21, 37, 23, 36, 24, 35, 25, 34, 26, 33, 27, 32, 55, 90, 56, 89, 57, 88, 59, 87, 60, 86, 61, 85, 62, 84, 63, 83, 65, 82, 68, 80, 69, 79, 70, 78, 71, 77, 72, 76]
Dot Bracket:
 .......(.((.((((((((((.(((((....))))))))).)))))).)).)..(((.(((((.(..(((((...))))).))))))))).
92


Iteration 2


setting environment up
running sampling algorithm
beginning Burn in iterations

Centroid Structure
Length:
 29
Pairs:
 [(9, 50), (10, 49), (12, 47), (13, 46), (14, 45), (15, 44), (16, 43), (17, 42), (18, 40), (19, 39), (20, 38), (21, 37), (23, 36), (24, 35), (25, 34), (26, 33), (27, 32), (56, 89), (57, 88), (59, 87), (60, 86), (61, 85), (62, 84), (63, 83), (65, 82), (68, 80), (69, 79), (70, 78), (71, 77)]
Pairs:
 [9, 50, 10, 49, 12, 47, 13, 46, 14, 45, 15, 44, 16, 43, 17, 42, 18, 40, 19, 39, 20, 38, 21, 37, 23, 36, 24, 35, 25, 34, 26, 33, 27, 32, 56, 89, 57, 88, 59, 87, 60, 86, 61, 85, 62, 84, 63, 83, 65, 82, 68, 80, 69, 79, 70, 78, 71, 77]
Dot Bracket:
 .........((.((((((((((.(((((....))))))))).)))))).)).....((.(((((.(..((((.....)))).))))))))..
92


Iteration 3


setting environment up
running sampling algorithm
beginning Burn in iterations

Centroid Structure
Length:
 33
Pairs:
 [(6, 54), (7, 53), (9, 50), (10, 49), (12, 47), (13, 46), (14, 45), (15, 44), (16, 43), (17, 42), (18, 41), (19, 39), (20, 38), (21, 37), (23, 36), (24, 35), (25, 34), (26, 33), (27, 32), (55, 90), (56, 89), (57, 88), (59, 87), (60, 86), (61, 85), (62, 84), (63, 83), (65, 82), (68, 80), (69, 79), (70, 78), (71, 77), (72, 76)]
Pairs:
 [6, 54, 7, 53, 9, 50, 10, 49, 12, 47, 13, 46, 14, 45, 15, 44, 16, 43, 17, 42, 18, 41, 19, 39, 20, 38, 21, 37, 23, 36, 24, 35, 25, 34, 26, 33, 27, 32, 55, 90, 56, 89, 57, 88, 59, 87, 60, 86, 61, 85, 62, 84, 63, 83, 65, 82, 68, 80, 69, 79, 70, 78, 71, 77, 72, 76]
Dot Bracket:
 ......((.((.((((((((((.(((((....)))))))).))))))).))..))(((.(((((.(..(((((...))))).))))))))).
92


Iteration 4


setting environment up
running sampling algorithm
beginning Burn in iterations

Centroid Structure
Length:
 30
Pairs:
 [(9, 50), (10, 49), (12, 47), (13, 46), (14, 45), (15, 44), (16, 43), (17, 42), (18, 40), (19, 39), (20, 38), (21, 37), (23, 36), (24, 35), (25, 34), (26, 33), (27, 32), (55, 90), (56, 89), (57, 88), (59, 87), (60, 86), (61, 85), (62, 84), (63, 83), (68, 80), (69, 79), (70, 78), (71, 77), (72, 76)]
Pairs:
 [9, 50, 10, 49, 12, 47, 13, 46, 14, 45, 15, 44, 16, 43, 17, 42, 18, 40, 19, 39, 20, 38, 21, 37, 23, 36, 24, 35, 25, 34, 26, 33, 27, 32, 55, 90, 56, 89, 57, 88, 59, 87, 60, 86, 61, 85, 62, 84, 63, 83, 68, 80, 69, 79, 70, 78, 71, 77, 72, 76]
Dot Bracket:
 .........((.((((((((((.(((((....))))))))).)))))).))....(((.(((((....(((((...)))))..)))))))).
92


Iteration 5


setting environment up
running sampling algorithm
beginning Burn in iterations

Centroid Structure
Length:
 32
Pairs:
 [(2, 58), (3, 57), (6, 54), (7, 53), (9, 50), (10, 49), (12, 47), (13, 46), (14, 45), (15, 44), (16, 43), (18, 40), (19, 39), (20, 38), (21, 37), (23, 36), (24, 35), (25, 34), (26, 33), (27, 32), (55, 90), (56, 89), (59, 87), (60, 86), (61, 85), (62, 84), (63, 83), (65, 79), (66, 78), (68, 80), (71, 77), (72, 76)]
Pairs:
 [2, 58, 3, 57, 6, 54, 7, 53, 9, 50, 10, 49, 12, 47, 13, 46, 14, 45, 15, 44, 16, 43, 18, 40, 19, 39, 20, 38, 21, 37, 23, 36, 24, 35, 25, 34, 26, 33, 27, 32, 55, 90, 56, 89, 59, 87, 60, 86, 61, 85, 62, 84, 63, 83, 65, 79, 66, 78, 68, 80, 71, 77, 72, 76]
Dot Bracket:
 ..((..((.((.(((((.((((.(((((....)))))))))..))))).))..))[[))[[[[[.[[.(..((...))]])..]]]]].]].
92


Iteration 6


setting environment up
running sampling algorithm
beginning Burn in iterations

Centroid Structure
Length:
 31
Pairs:
 [(7, 52), (9, 50), (10, 49), (12, 47), (13, 46), (14, 45), (15, 44), (16, 43), (17, 41), (18, 40), (19, 39), (20, 38), (21, 37), (23, 36), (24, 35), (25, 34), (26, 33), (27, 32), (56, 89), (57, 88), (59, 87), (60, 86), (61, 85), (62, 84), (63, 83), (65, 82), (68, 80), (69, 79), (70, 78), (71, 77), (72, 76)]
Pairs:
 [7, 52, 9, 50, 10, 49, 12, 47, 13, 46, 14, 45, 15, 44, 16, 43, 17, 41, 18, 40, 19, 39, 20, 38, 21, 37, 23, 36, 24, 35, 25, 34, 26, 33, 27, 32, 56, 89, 57, 88, 59, 87, 60, 86, 61, 85, 62, 84, 63, 83, 65, 82, 68, 80, 69, 79, 70, 78, 71, 77, 72, 76]
Dot Bracket:
 .......(.((.((((((((((.(((((....)))))))))).))))).)).)...((.(((((.(..(((((...))))).))))))))..
92


Iteration 7


setting environment up
running sampling algorithm
beginning Burn in iterations

Centroid Structure
Length:
 32
Pairs:
 [(1, 59), (2, 58), (3, 57), (6, 54), (7, 52), (9, 50), (10, 49), (12, 47), (13, 46), (14, 45), (15, 44), (16, 43), (17, 42), (18, 41), (19, 39), (20, 38), (21, 37), (23, 36), (24, 35), (25, 34), (26, 33), (27, 32), (60, 86), (61, 85), (62, 84), (63, 83), (65, 82), (68, 80), (69, 79), (70, 78), (71, 77), (72, 76)]
Pairs:
 [1, 59, 2, 58, 3, 57, 6, 54, 7, 52, 9, 50, 10, 49, 12, 47, 13, 46, 14, 45, 15, 44, 16, 43, 17, 42, 18, 41, 19, 39, 20, 38, 21, 37, 23, 36, 24, 35, 25, 34, 26, 33, 27, 32, 60, 86, 61, 85, 62, 84, 63, 83, 65, 82, 68, 80, 69, 79, 70, 78, 71, 77, 72, 76]
Dot Bracket:
 .(((..((.((.((((((((((.(((((....)))))))).))))))).)).).)..)))((((.(..(((((...))))).))))).....
92


Iteration 8


setting environment up
running sampling algorithm
beginning Burn in iterations

Centroid Structure
Length:
 30
Pairs:
 [(2, 58), (9, 50), (10, 49), (12, 47), (13, 46), (14, 45), (15, 44), (16, 43), (17, 42), (18, 40), (19, 39), (20, 38), (21, 37), (23, 36), (24, 35), (25, 34), (26, 33), (27, 32), (56, 89), (57, 88), (59, 87), (60, 86), (61, 85), (62, 84), (63, 83), (68, 80), (69, 79), (70, 78), (71, 77), (72, 76)]
Pairs:
 [2, 58, 9, 50, 10, 49, 12, 47, 13, 46, 14, 45, 15, 44, 16, 43, 17, 42, 18, 40, 19, 39, 20, 38, 21, 37, 23, 36, 24, 35, 25, 34, 26, 33, 27, 32, 56, 89, 57, 88, 59, 87, 60, 86, 61, 85, 62, 84, 63, 83, 68, 80, 69, 79, 70, 78, 71, 77, 72, 76]
Dot Bracket:
 ..(......((.((((((((((.(((((....))))))))).)))))).)).....[[)[[[[[....[[[[[...]]]]]..]]]]]]]..
92


Iteration 9


setting environment up
running sampling algorithm
beginning Burn in iterations

Centroid Structure
Length:
 30
Pairs:
 [(6, 54), (7, 53), (9, 50), (10, 49), (12, 47), (13, 46), (14, 45), (15, 44), (16, 43), (17, 42), (18, 40), (19, 39), (20, 38), (21, 37), (23, 36), (24, 35), (25, 34), (26, 33), (27, 32), (56, 89), (59, 87), (60, 86), (61, 85), (62, 84), (63, 83), (68, 80), (69, 79), (70, 78), (71, 77), (72, 76)]
Pairs:
 [6, 54, 7, 53, 9, 50, 10, 49, 12, 47, 13, 46, 14, 45, 15, 44, 16, 43, 17, 42, 18, 40, 19, 39, 20, 38, 21, 37, 23, 36, 24, 35, 25, 34, 26, 33, 27, 32, 56, 89, 59, 87, 60, 86, 61, 85, 62, 84, 63, 83, 68, 80, 69, 79, 70, 78, 71, 77, 72, 76]
Dot Bracket:
 ......((.((.((((((((((.(((((....))))))))).)))))).))..)).(..(((((....(((((...)))))..))))).)..
92


Iteration 10


setting environment up
running sampling algorithm
beginning Burn in iterations

Centroid Structure
Length:
 28
Pairs:
 [(1, 72), (2, 71), (3, 70), (4, 69), (5, 68), (6, 67), (7, 66), (8, 65), (9, 63), (10, 62), (12, 47), (13, 46), (14, 45), (15, 44), (16, 43), (18, 41), (19, 39), (20, 38), (21, 37), (23, 36), (24, 35), (25, 34), (26, 33), (27, 32), (52, 60), (53, 59), (75, 86), (76, 85)]
Pairs:
 [1, 72, 2, 71, 3, 70, 4, 69, 5, 68, 6, 67, 7, 66, 8, 65, 9, 63, 10, 62, 12, 47, 13, 46, 14, 45, 15, 44, 16, 43, 18, 41, 19, 39, 20, 38, 21, 37, 23, 36, 24, 35, 25, 34, 26, 33, 27, 32, 52, 60, 53, 59, 75, 86, 76, 85]
Dot Bracket:
 .((((((((((.(((((.((((.(((((....)))))))).).)))))....((.....)).)).))))))))..((........)).....
92


Iteration 11


setting environment up
running sampling algorithm
beginning Burn in iterations

Centroid Structure
Length:
 30
Pairs:
 [(2, 58), (7, 52), (9, 50), (10, 49), (12, 47), (13, 46), (14, 45), (15, 44), (16, 43), (17, 41), (18, 40), (19, 39), (20, 38), (21, 37), (23, 36), (24, 35), (25, 34), (26, 33), (27, 32), (55, 90), (56, 89), (60, 86), (61, 85), (62, 84), (63, 83), (68, 80), (69, 79), (70, 78), (71, 77), (72, 76)]
Pairs:
 [2, 58, 7, 52, 9, 50, 10, 49, 12, 47, 13, 46, 14, 45, 15, 44, 16, 43, 17, 41, 18, 40, 19, 39, 20, 38, 21, 37, 23, 36, 24, 35, 25, 34, 26, 33, 27, 32, 55, 90, 56, 89, 60, 86, 61, 85, 62, 84, 63, 83, 68, 80, 69, 79, 70, 78, 71, 77, 72, 76]
Dot Bracket:
 ..(....(.((.((((((((((.(((((....)))))))))).))))).)).)..[[.).[[[[....[[[[[...]]]]]..]]]]..]].
92


Iteration 12


setting environment up
running sampling algorithm
beginning Burn in iterations

Centroid Structure
Length:
 32
Pairs:
 [(2, 58), (6, 54), (9, 50), (10, 49), (12, 47), (13, 46), (14, 45), (15, 44), (16, 43), (17, 42), (18, 40), (19, 39), (20, 38), (21, 37), (23, 36), (24, 35), (25, 34), (26, 33), (27, 32), (55, 90), (56, 89), (57, 88), (59, 87), (60, 86), (61, 85), (62, 84), (63, 83), (68, 80), (69, 79), (70, 78), (71, 77), (72, 76)]
Pairs:
 [2, 58, 6, 54, 9, 50, 10, 49, 12, 47, 13, 46, 14, 45, 15, 44, 16, 43, 17, 42, 18, 40, 19, 39, 20, 38, 21, 37, 23, 36, 24, 35, 25, 34, 26, 33, 27, 32, 55, 90, 56, 89, 57, 88, 59, 87, 60, 86, 61, 85, 62, 84, 63, 83, 68, 80, 69, 79, 70, 78, 71, 77, 72, 76]
Dot Bracket:
 ..(...(..((.((((((((((.(((((....))))))))).)))))).))...)[[[)[[[[[....[[[[[...]]]]]..]]]]]]]].
92


Iteration 13


setting environment up
running sampling algorithm
beginning Burn in iterations

Centroid Structure
Length:
 29
Pairs:
 [(6, 54), (10, 49), (12, 47), (13, 46), (14, 45), (15, 44), (16, 43), (18, 40), (19, 39), (20, 38), (21, 37), (23, 36), (24, 35), (25, 34), (26, 33), (27, 32), (55, 90), (56, 89), (57, 88), (59, 87), (60, 86), (61, 85), (62, 84), (63, 83), (68, 80), (69, 79), (70, 78), (71, 77), (72, 76)]
Pairs:
 [6, 54, 10, 49, 12, 47, 13, 46, 14, 45, 15, 44, 16, 43, 18, 40, 19, 39, 20, 38, 21, 37, 23, 36, 24, 35, 25, 34, 26, 33, 27, 32, 55, 90, 56, 89, 57, 88, 59, 87, 60, 86, 61, 85, 62, 84, 63, 83, 68, 80, 69, 79, 70, 78, 71, 77, 72, 76]
Dot Bracket:
 ......(...(.(((((.((((.(((((....)))))))))..))))).)....)(((.(((((....(((((...)))))..)))))))).
92


Iteration 14


setting environment up
running sampling algorithm
beginning Burn in iterations

Centroid Structure
Length:
 30
Pairs:
 [(7, 52), (9, 50), (10, 49), (12, 47), (13, 46), (14, 45), (15, 44), (16, 43), (17, 42), (18, 40), (19, 39), (20, 38), (21, 37), (23, 36), (24, 35), (25, 34), (26, 33), (27, 32), (55, 90), (56, 89), (59, 87), (60, 86), (61, 85), (62, 84), (63, 83), (68, 80), (69, 79), (70, 78), (71, 77), (72, 76)]
Pairs:
 [7, 52, 9, 50, 10, 49, 12, 47, 13, 46, 14, 45, 15, 44, 16, 43, 17, 42, 18, 40, 19, 39, 20, 38, 21, 37, 23, 36, 24, 35, 25, 34, 26, 33, 27, 32, 55, 90, 56, 89, 59, 87, 60, 86, 61, 85, 62, 84, 63, 83, 68, 80, 69, 79, 70, 78, 71, 77, 72, 76]
Dot Bracket:
 .......(.((.((((((((((.(((((....))))))))).)))))).)).)..((..(((((....(((((...)))))..))))).)).
92


Iteration 15


setting environment up
running sampling algorithm
beginning Burn in iterations

Centroid Structure
Length:
 32
Pairs:
 [(6, 53), (9, 50), (10, 49), (12, 47), (13, 46), (14, 45), (15, 44), (16, 43), (17, 41), (18, 40), (19, 39), (20, 38), (21, 37), (23, 36), (24, 35), (25, 34), (26, 33), (27, 32), (55, 90), (56, 89), (57, 88), (59, 87), (60, 86), (61, 85), (62, 84), (63, 83), (65, 82), (68, 80), (69, 79), (70, 78), (71, 77), (72, 76)]
Pairs:
 [6, 53, 9, 50, 10, 49, 12, 47, 13, 46, 14, 45, 15, 44, 16, 43, 17, 41, 18, 40, 19, 39, 20, 38, 21, 37, 23, 36, 24, 35, 25, 34, 26, 33, 27, 32, 55, 90, 56, 89, 57, 88, 59, 87, 60, 86, 61, 85, 62, 84, 63, 83, 65, 82, 68, 80, 69, 79, 70, 78, 71, 77, 72, 76]
Dot Bracket:
 ......(..((.((((((((((.(((((....)))))))))).))))).))..).(((.(((((.(..(((((...))))).))))))))).
92


Iteration 16


setting environment up
running sampling algorithm
beginning Burn in iterations

Centroid Structure
Length:
 31
Pairs:
 [(1, 72), (2, 71), (4, 69), (6, 54), (9, 63), (10, 49), (12, 47), (13, 46), (14, 45), (15, 44), (16, 43), (18, 41), (19, 39), (20, 38), (21, 37), (23, 36), (24, 35), (25, 34), (26, 33), (27, 32), (53, 59), (55, 90), (56, 89), (57, 88), (58, 87), (60, 86), (61, 85), (62, 84), (65, 81), (68, 80), (70, 78)]
Pairs:
 [1, 72, 2, 71, 4, 69, 6, 54, 9, 63, 10, 49, 12, 47, 13, 46, 14, 45, 15, 44, 16, 43, 18, 41, 19, 39, 20, 38, 21, 37, 23, 36, 24, 35, 25, 34, 26, 33, 27, 32, 53, 59, 55, 90, 56, 89, 57, 88, 58, 87, 60, 86, 61, 85, 62, 84, 65, 81, 68, 80, 70, 78]
Dot Bracket:
 .((.(.(..[[.[[[[[.[[[[.[[[[[....]]]]]]]].].]]]]].]...[)([[[][[[].[..[)[)).....].]]..]]]]]]).
92


Iteration 17


setting environment up
running sampling algorithm
beginning Burn in iterations

Centroid Structure
Length:
 30
Pairs:
 [(6, 54), (7, 52), (9, 50), (10, 49), (12, 47), (13, 46), (14, 45), (15, 44), (16, 43), (17, 42), (18, 41), (19, 39), (20, 38), (21, 37), (23, 36), (24, 35), (25, 34), (26, 33), (27, 32), (56, 89), (57, 88), (59, 87), (60, 86), (61, 85), (62, 84), (63, 83), (68, 80), (69, 79), (70, 78), (72, 76)]
Pairs:
 [6, 54, 7, 52, 9, 50, 10, 49, 12, 47, 13, 46, 14, 45, 15, 44, 16, 43, 17, 42, 18, 41, 19, 39, 20, 38, 21, 37, 23, 36, 24, 35, 25, 34, 26, 33, 27, 32, 56, 89, 57, 88, 59, 87, 60, 86, 61, 85, 62, 84, 63, 83, 68, 80, 69, 79, 70, 78, 72, 76]
Dot Bracket:
 ......((.((.((((((((((.(((((....)))))))).))))))).)).).).((.(((((....(((.(...).)))..)))))))..
92


Iteration 18


setting environment up
running sampling algorithm
beginning Burn in iterations

Centroid Structure
Length:
 26
Pairs:
 [(4, 69), (6, 54), (9, 50), (12, 47), (13, 46), (14, 45), (15, 44), (16, 43), (17, 42), (18, 41), (19, 39), (20, 38), (21, 37), (23, 36), (24, 35), (25, 34), (26, 33), (27, 32), (59, 87), (60, 86), (61, 85), (62, 84), (63, 83), (68, 80), (70, 78), (71, 77)]
Pairs:
 [4, 69, 6, 54, 9, 50, 12, 47, 13, 46, 14, 45, 15, 44, 16, 43, 17, 42, 18, 41, 19, 39, 20, 38, 21, 37, 23, 36, 24, 35, 25, 34, 26, 33, 27, 32, 59, 87, 60, 86, 61, 85, 62, 84, 63, 83, 68, 80, 70, 78, 71, 77]
Dot Bracket:
 ....(.(..(..((((((((((.(((((....)))))))).)))))))..)...)....[[[[[....[)[[.....]].]..]]]]]....
92


Iteration 19


setting environment up
running sampling algorithm
beginning Burn in iterations

Centroid Structure
Length:
 29
Pairs:
 [(9, 50), (10, 49), (12, 47), (13, 46), (14, 45), (15, 44), (16, 43), (17, 42), (18, 41), (19, 39), (20, 38), (21, 37), (23, 36), (24, 35), (25, 34), (26, 33), (27, 32), (56, 89), (57, 88), (60, 86), (61, 85), (62, 84), (63, 83), (65, 82), (68, 80), (69, 79), (70, 78), (71, 77), (72, 76)]
Pairs:
 [9, 50, 10, 49, 12, 47, 13, 46, 14, 45, 15, 44, 16, 43, 17, 42, 18, 41, 19, 39, 20, 38, 21, 37, 23, 36, 24, 35, 25, 34, 26, 33, 27, 32, 56, 89, 57, 88, 60, 86, 61, 85, 62, 84, 63, 83, 65, 82, 68, 80, 69, 79, 70, 78, 71, 77, 72, 76]
Dot Bracket:
 .........((.((((((((((.(((((....)))))))).))))))).)).....((..((((.(..(((((...))))).))))).))..
92
