Iteration 0

setting environment up
running sfold binary

Sfold Executable Code for Academic Users, Version 2.2-20110126
 Running partition function and statistical sampling module... done
 (general output in /home/chris/devtree/pseudoKnot_research/output/sfold.out)
 Running structure clustering module... done
 (general output in /home/chris/devtree/pseudoKnot_research/output/sclass.out)
Process completed. See output files in '/home/chris/devtree/pseudoKnot_research/output'.

running sampling algorithm
beginning Burn in iterations

Centroid Structure
Length:
 19
Pairs:
 [(2, 54), (3, 50), (4, 49), (6, 48), (7, 47), (8, 46), (9, 45), (10, 44), (11, 43), (12, 42), (13, 41), (16, 40), (17, 39), (18, 38), (19, 37), (20, 36), (21, 35), (22, 34), (66, 76)]
Pairs:
 [2, 54, 3, 50, 4, 49, 6, 48, 7, 47, 8, 46, 9, 45, 10, 44, 11, 43, 12, 42, 13, 41, 16, 40, 17, 39, 18, 38, 19, 37, 20, 36, 21, 35, 22, 34, 66, 76]
Dot Bracket:
 ..(((.((((((((..(((((((...........)))))))))))))))))...)...........(.........).....
82


Iteration 1


setting environment up
running sampling algorithm
beginning Burn in iterations

Centroid Structure
Length:
 24
Pairs:
 [(7, 47), (8, 46), (9, 45), (10, 44), (11, 43), (12, 42), (13, 41), (16, 40), (17, 39), (18, 38), (19, 37), (20, 36), (21, 35), (22, 34), (48, 60), (49, 58), (50, 57), (51, 56), (61, 80), (62, 79), (63, 78), (65, 76), (67, 75), (68, 74)]
Pairs:
 [7, 47, 8, 46, 9, 45, 10, 44, 11, 43, 12, 42, 13, 41, 16, 40, 17, 39, 18, 38, 19, 37, 20, 36, 21, 35, 22, 34, 48, 60, 49, 58, 50, 57, 51, 56, 61, 80, 62, 79, 63, 78, 65, 76, 67, 75, 68, 74]
Dot Bracket:
 .......(((((((..(((((((...........))))))))))))))((((....))).)(((.(.((.....))).))).
82


Iteration 2


setting environment up
running sampling algorithm
beginning Burn in iterations

Centroid Structure
Length:
 18
Pairs:
 [(3, 50), (4, 49), (6, 48), (7, 47), (8, 46), (9, 45), (10, 44), (11, 43), (12, 42), (13, 41), (16, 40), (17, 39), (18, 38), (19, 37), (20, 36), (21, 35), (22, 34), (62, 79)]
Pairs:
 [3, 50, 4, 49, 6, 48, 7, 47, 8, 46, 9, 45, 10, 44, 11, 43, 12, 42, 13, 41, 16, 40, 17, 39, 18, 38, 19, 37, 20, 36, 21, 35, 22, 34, 62, 79]
Dot Bracket:
 ...((.((((((((..(((((((...........)))))))))))))))))...........(................)..
82


Iteration 3


setting environment up
running sampling algorithm
beginning Burn in iterations

Centroid Structure
Length:
 23
Pairs:
 [(0, 67), (1, 66), (3, 50), (6, 48), (7, 47), (8, 46), (9, 45), (10, 44), (11, 43), (12, 42), (13, 41), (16, 40), (17, 39), (18, 38), (19, 37), (20, 36), (21, 35), (22, 34), (49, 58), (51, 56), (54, 59), (70, 81), (71, 80)]
Pairs:
 [0, 67, 1, 66, 3, 50, 6, 48, 7, 47, 8, 46, 9, 45, 10, 44, 11, 43, 12, 42, 13, 41, 16, 40, 17, 39, 18, 38, 19, 37, 20, 36, 21, 35, 22, 34, 49, 58, 51, 56, 54, 59, 70, 81, 71, 80]
Dot Bracket:
 ((.(..((((((((..(((((((...........)))))))))))))))[)[..(.].])......))..((........))
82


Iteration 4


setting environment up
running sampling algorithm
beginning Burn in iterations

Centroid Structure
Length:
 22
Pairs:
 [(1, 51), (3, 50), (4, 49), (6, 48), (7, 47), (8, 46), (9, 45), (10, 44), (11, 43), (12, 42), (13, 41), (16, 40), (17, 39), (18, 38), (19, 37), (20, 36), (21, 35), (22, 34), (61, 80), (62, 79), (63, 78), (67, 75)]
Pairs:
 [1, 51, 3, 50, 4, 49, 6, 48, 7, 47, 8, 46, 9, 45, 10, 44, 11, 43, 12, 42, 13, 41, 16, 40, 17, 39, 18, 38, 19, 37, 20, 36, 21, 35, 22, 34, 61, 80, 62, 79, 63, 78, 67, 75]
Dot Bracket:
 .(.((.((((((((..(((((((...........)))))))))))))))))).........(((...(.......)..))).
82


Iteration 5


setting environment up
running sampling algorithm
beginning Burn in iterations

Centroid Structure
Length:
 23
Pairs:
 [(0, 67), (1, 66), (3, 50), (4, 49), (6, 48), (7, 47), (8, 46), (9, 45), (10, 44), (11, 43), (12, 42), (13, 41), (16, 40), (17, 39), (18, 38), (19, 37), (20, 36), (21, 35), (22, 34), (56, 60), (57, 78), (61, 75), (62, 70)]
Pairs:
 [0, 67, 1, 66, 3, 50, 4, 49, 6, 48, 7, 47, 8, 46, 9, 45, 10, 44, 11, 43, 12, 42, 13, 41, 16, 40, 17, 39, 18, 38, 19, 37, 20, 36, 21, 35, 22, 34, 56, 60, 57, 78, 61, 75, 62, 70]
Dot Bracket:
 ((.((.((((((((..(((((((...........))))))))))))))))).....([..)[[...))..]....]..]...
82


Iteration 6


setting environment up
running sampling algorithm
beginning Burn in iterations

Centroid Structure
Length:
 17
Pairs:
 [(6, 48), (7, 47), (8, 46), (9, 45), (10, 44), (11, 43), (12, 42), (13, 41), (16, 40), (17, 39), (18, 38), (19, 37), (20, 36), (21, 35), (22, 34), (61, 80), (62, 79)]
Pairs:
 [6, 48, 7, 47, 8, 46, 9, 45, 10, 44, 11, 43, 12, 42, 13, 41, 16, 40, 17, 39, 18, 38, 19, 37, 20, 36, 21, 35, 22, 34, 61, 80, 62, 79]
Dot Bracket:
 ......((((((((..(((((((...........)))))))))))))))............((................)).
82


Iteration 7


setting environment up
running sampling algorithm
beginning Burn in iterations

Centroid Structure
Length:
 22
Pairs:
 [(3, 50), (4, 49), (6, 48), (7, 47), (8, 46), (9, 45), (10, 44), (11, 43), (12, 42), (13, 41), (16, 40), (17, 39), (18, 38), (19, 37), (20, 36), (21, 35), (22, 34), (59, 71), (60, 70), (61, 69), (62, 79), (63, 78)]
Pairs:
 [3, 50, 4, 49, 6, 48, 7, 47, 8, 46, 9, 45, 10, 44, 11, 43, 12, 42, 13, 41, 16, 40, 17, 39, 18, 38, 19, 37, 20, 36, 21, 35, 22, 34, 59, 71, 60, 70, 61, 69, 62, 79, 63, 78]
Dot Bracket:
 ...((.((((((((..(((((((...........)))))))))))))))))........((([[.....)))......]]..
82


Iteration 8


setting environment up
running sampling algorithm
beginning Burn in iterations

Centroid Structure
Length:
 20
Pairs:
 [(6, 48), (7, 47), (8, 46), (9, 45), (10, 44), (11, 43), (12, 42), (13, 41), (16, 40), (17, 39), (18, 38), (19, 37), (20, 36), (21, 35), (22, 34), (61, 80), (62, 79), (63, 78), (67, 74), (68, 73)]
Pairs:
 [6, 48, 7, 47, 8, 46, 9, 45, 10, 44, 11, 43, 12, 42, 13, 41, 16, 40, 17, 39, 18, 38, 19, 37, 20, 36, 21, 35, 22, 34, 61, 80, 62, 79, 63, 78, 67, 74, 68, 73]
Dot Bracket:
 ......((((((((..(((((((...........)))))))))))))))............(((...((....))...))).
82


Iteration 9


setting environment up
running sampling algorithm
beginning Burn in iterations

Centroid Structure
Length:
 24
Pairs:
 [(2, 54), (6, 48), (7, 47), (8, 46), (9, 45), (10, 44), (11, 43), (12, 42), (13, 41), (16, 40), (17, 39), (18, 38), (19, 37), (20, 36), (21, 35), (22, 34), (27, 31), (50, 66), (56, 60), (61, 80), (62, 79), (63, 78), (65, 76), (67, 74)]
Pairs:
 [2, 54, 6, 48, 7, 47, 8, 46, 9, 45, 10, 44, 11, 43, 12, 42, 13, 41, 16, 40, 17, 39, 18, 38, 19, 37, 20, 36, 21, 35, 22, 34, 27, 31, 50, 66, 56, 60, 61, 80, 62, 79, 63, 78, 65, 76, 67, 74]
Dot Bracket:
 ..(...((((((((..(((((((....(...)..))))))))))))))).[...).[...](((.(](......).).))).
82


Iteration 10


setting environment up
running sampling algorithm
beginning Burn in iterations

Centroid Structure
Length:
 18
Pairs:
 [(3, 50), (6, 48), (7, 47), (8, 46), (9, 45), (10, 44), (11, 43), (12, 42), (13, 41), (16, 40), (17, 39), (18, 38), (19, 37), (20, 36), (21, 35), (22, 34), (61, 80), (62, 79)]
Pairs:
 [3, 50, 6, 48, 7, 47, 8, 46, 9, 45, 10, 44, 11, 43, 12, 42, 13, 41, 16, 40, 17, 39, 18, 38, 19, 37, 20, 36, 21, 35, 22, 34, 61, 80, 62, 79]
Dot Bracket:
 ...(..((((((((..(((((((...........))))))))))))))).)..........((................)).
82


Iteration 11


setting environment up
running sampling algorithm
beginning Burn in iterations

Centroid Structure
Length:
 25
Pairs:
 [(0, 67), (1, 51), (3, 50), (4, 49), (6, 48), (7, 47), (8, 46), (9, 45), (10, 44), (11, 43), (12, 42), (13, 41), (16, 40), (17, 39), (18, 38), (19, 37), (20, 36), (21, 35), (22, 34), (54, 59), (55, 78), (56, 77), (61, 75), (64, 71), (65, 70)]
Pairs:
 [0, 67, 1, 51, 3, 50, 4, 49, 6, 48, 7, 47, 8, 46, 9, 45, 10, 44, 11, 43, 12, 42, 13, 41, 16, 40, 17, 39, 18, 38, 19, 37, 20, 36, 21, 35, 22, 34, 54, 59, 55, 78, 56, 77, 61, 75, 64, 71, 65, 70]
Dot Bracket:
 ((.((.((((((((..(((((((...........))))))))))))))))))..([[..).[..[[.)..]]...].]]...
82


Iteration 12


setting environment up
running sampling algorithm
beginning Burn in iterations

Centroid Structure
Length:
 24
Pairs:
 [(6, 48), (7, 47), (8, 46), (9, 45), (10, 44), (11, 43), (12, 42), (13, 41), (16, 40), (17, 39), (18, 38), (19, 37), (20, 36), (21, 35), (22, 34), (50, 57), (51, 56), (58, 76), (59, 71), (60, 70), (61, 80), (62, 79), (63, 78), (67, 75)]
Pairs:
 [6, 48, 7, 47, 8, 46, 9, 45, 10, 44, 11, 43, 12, 42, 13, 41, 16, 40, 17, 39, 18, 38, 19, 37, 20, 36, 21, 35, 22, 34, 50, 57, 51, 56, 58, 76, 59, 71, 60, 70, 61, 80, 62, 79, 63, 78, 67, 75]
Dot Bracket:
 ......((((((((..(((((((...........))))))))))))))).((....))((([[[...[..))...]).]]].
82


Iteration 13


setting environment up
running sampling algorithm
beginning Burn in iterations

Centroid Structure
Length:
 20
Pairs:
 [(1, 55), (2, 54), (6, 47), (8, 46), (9, 45), (10, 44), (11, 43), (12, 42), (13, 41), (16, 40), (17, 39), (18, 38), (19, 37), (20, 36), (21, 35), (22, 34), (61, 80), (62, 79), (63, 78), (68, 72)]
Pairs:
 [1, 55, 2, 54, 6, 47, 8, 46, 9, 45, 10, 44, 11, 43, 12, 42, 13, 41, 16, 40, 17, 39, 18, 38, 19, 37, 20, 36, 21, 35, 22, 34, 61, 80, 62, 79, 63, 78, 68, 72]
Dot Bracket:
 .((...(.((((((..(((((((...........))))))))))))))......)).....(((....(...).....))).
82


Iteration 14


setting environment up
running sampling algorithm
beginning Burn in iterations

Centroid Structure
Length:
 21
Pairs:
 [(2, 54), (4, 49), (6, 48), (7, 47), (8, 46), (9, 45), (10, 44), (11, 43), (12, 42), (13, 41), (16, 40), (17, 39), (18, 38), (19, 37), (20, 36), (21, 35), (22, 34), (62, 79), (63, 78), (67, 74), (68, 73)]
Pairs:
 [2, 54, 4, 49, 6, 48, 7, 47, 8, 46, 9, 45, 10, 44, 11, 43, 12, 42, 13, 41, 16, 40, 17, 39, 18, 38, 19, 37, 20, 36, 21, 35, 22, 34, 62, 79, 63, 78, 67, 74, 68, 73]
Dot Bracket:
 ..(.(.((((((((..(((((((...........))))))))))))))))....).......((...((....))...))..
82


Iteration 15


setting environment up
running sampling algorithm
beginning Burn in iterations

Centroid Structure
Length:
 24
Pairs:
 [(0, 67), (1, 66), (3, 50), (4, 49), (6, 48), (7, 47), (8, 46), (9, 45), (10, 44), (11, 43), (12, 42), (13, 41), (16, 40), (17, 39), (18, 38), (19, 37), (20, 36), (21, 35), (22, 34), (54, 64), (57, 78), (60, 76), (61, 75), (62, 70)]
Pairs:
 [0, 67, 1, 66, 3, 50, 4, 49, 6, 48, 7, 47, 8, 46, 9, 45, 10, 44, 11, 43, 12, 42, 13, 41, 16, 40, 17, 39, 18, 38, 19, 37, 20, 36, 21, 35, 22, 34, 54, 64, 57, 78, 60, 76, 61, 75, 62, 70]
Dot Bracket:
 ((.((.((((((((..(((((((...........)))))))))))))))))...(..[..[[[.).))..]....]].]...
82


Iteration 16


setting environment up
running sampling algorithm
beginning Burn in iterations

Centroid Structure
Length:
 17
Pairs:
 [(3, 50), (4, 49), (6, 48), (7, 47), (8, 46), (9, 45), (10, 44), (11, 43), (12, 42), (13, 41), (16, 40), (17, 39), (18, 38), (19, 37), (20, 36), (21, 35), (22, 34)]
Pairs:
 [3, 50, 4, 49, 6, 48, 7, 47, 8, 46, 9, 45, 10, 44, 11, 43, 12, 42, 13, 41, 16, 40, 17, 39, 18, 38, 19, 37, 20, 36, 21, 35, 22, 34]
Dot Bracket:
 ...((.((((((((..(((((((...........)))))))))))))))))...............................
82


Iteration 17


setting environment up
running sampling algorithm
beginning Burn in iterations

Centroid Structure
Length:
 26
Pairs:
 [(1, 55), (2, 54), (3, 50), (4, 49), (6, 48), (7, 47), (8, 46), (9, 45), (10, 44), (11, 43), (12, 42), (13, 41), (16, 40), (17, 39), (18, 38), (19, 37), (20, 36), (21, 35), (22, 34), (56, 77), (61, 75), (62, 79), (63, 78), (64, 76), (65, 70), (68, 73)]
Pairs:
 [1, 55, 2, 54, 3, 50, 4, 49, 6, 48, 7, 47, 8, 46, 9, 45, 10, 44, 11, 43, 12, 42, 13, 41, 16, 40, 17, 39, 18, 38, 19, 37, 20, 36, 21, 35, 22, 34, 56, 77, 61, 75, 62, 79, 63, 78, 64, 76, 65, 70, 68, 73]
Dot Bracket:
 .((((.((((((((..(((((((...........)))))))))))))))))...))(....([[[[..(.]..).)])]]..
82


Iteration 18


setting environment up
running sampling algorithm
beginning Burn in iterations

Centroid Structure
Length:
 24
Pairs:
 [(1, 55), (2, 54), (3, 50), (4, 49), (6, 48), (7, 47), (8, 46), (9, 45), (10, 44), (11, 43), (12, 42), (13, 41), (16, 40), (17, 39), (18, 38), (19, 37), (20, 36), (21, 35), (22, 34), (58, 67), (62, 79), (63, 78), (64, 76), (68, 73)]
Pairs:
 [1, 55, 2, 54, 3, 50, 4, 49, 6, 48, 7, 47, 8, 46, 9, 45, 10, 44, 11, 43, 12, 42, 13, 41, 16, 40, 17, 39, 18, 38, 19, 37, 20, 36, 21, 35, 22, 34, 58, 67, 62, 79, 63, 78, 64, 76, 68, 73]
Dot Bracket:
 .((((.((((((((..(((((((...........)))))))))))))))))...))..(...[[[..)[....]..].]]..
82


Iteration 19


setting environment up
running sampling algorithm
beginning Burn in iterations

Centroid Structure
Length:
 23
Pairs:
 [(2, 54), (4, 49), (6, 48), (7, 47), (8, 46), (9, 45), (10, 44), (11, 43), (12, 42), (13, 41), (16, 40), (17, 39), (18, 38), (19, 37), (20, 36), (21, 35), (22, 34), (55, 78), (56, 77), (61, 80), (62, 70), (67, 73), (68, 72)]
Pairs:
 [2, 54, 4, 49, 6, 48, 7, 47, 8, 46, 9, 45, 10, 44, 11, 43, 12, 42, 13, 41, 16, 40, 17, 39, 18, 38, 19, 37, 20, 36, 21, 35, 22, 34, 55, 78, 56, 77, 61, 80, 62, 70, 67, 73, 68, 72]
Dot Bracket:
 ..(.(.((((((((..(((((((...........))))))))))))))))....)((....[[....((.].))...)).].
82
