Iteration 0

setting environment up
running sfold binary

Sfold Executable Code for Academic Users, Version 2.2-20110126
 Running partition function and statistical sampling module... done
 (general output in /home/chris/devtree/pseudoKnot_research/output/sfold.out)
 Running structure clustering module... done
 (general output in /home/chris/devtree/pseudoKnot_research/output/sclass.out)
Process completed. See output files in '/home/chris/devtree/pseudoKnot_research/output'.

running sampling algorithm
beginning Burn in iterations

Centroid Structure
Length:
 22
Pairs:
 [(1, 34), (2, 33), (3, 32), (4, 31), (6, 29), (10, 24), (11, 23), (12, 22), (13, 21), (35, 50), (36, 49), (37, 48), (38, 47), (39, 46), (40, 45), (51, 69), (52, 68), (53, 67), (54, 66), (55, 65), (56, 64), (57, 63)]
Pairs:
 [1, 34, 2, 33, 3, 32, 4, 31, 6, 29, 10, 24, 11, 23, 12, 22, 13, 21, 35, 50, 36, 49, 37, 48, 38, 47, 39, 46, 40, 45, 51, 69, 52, 68, 53, 67, 54, 66, 55, 65, 56, 64, 57, 63]
Dot Bracket:
 .((((.(...((((.......))))....).))))((((((....))))))(((((((.....))))))).....
75


Iteration 1


setting environment up
running sampling algorithm
beginning Burn in iterations

Centroid Structure
Length:
 21
Pairs:
 [(1, 34), (2, 33), (4, 23), (5, 22), (26, 73), (27, 72), (28, 71), (29, 70), (30, 69), (35, 50), (36, 49), (37, 48), (38, 47), (39, 46), (40, 45), (52, 68), (53, 67), (54, 66), (55, 65), (56, 64), (57, 63)]
Pairs:
 [1, 34, 2, 33, 4, 23, 5, 22, 26, 73, 27, 72, 28, 71, 29, 70, 30, 69, 35, 50, 36, 49, 37, 48, 38, 47, 39, 46, 40, 45, 52, 68, 53, 67, 54, 66, 55, 65, 56, 64, 57, 63]
Dot Bracket:
 .((.((................))..[[[[[..))[[[[[[....]]]]]].[[[[[[.....]]]]]]]]]]].
75


Iteration 2


setting environment up
running sampling algorithm
beginning Burn in iterations

Centroid Structure
Length:
 24
Pairs:
 [(1, 34), (4, 31), (6, 29), (9, 26), (10, 24), (11, 23), (12, 22), (13, 21), (27, 32), (35, 74), (36, 73), (37, 72), (38, 47), (39, 46), (40, 45), (49, 71), (50, 70), (51, 69), (52, 68), (53, 67), (54, 66), (55, 65), (56, 64), (57, 63)]
Pairs:
 [1, 34, 4, 31, 6, 29, 9, 26, 10, 24, 11, 23, 12, 22, 13, 21, 27, 32, 35, 74, 36, 73, 37, 72, 38, 47, 39, 46, 40, 45, 49, 71, 50, 70, 51, 69, 52, 68, 53, 67, 54, 66, 55, 65, 56, 64, 57, 63]
Dot Bracket:
 .(..(.(..(((((.......)))).)[.).)].)[[[[[[....]]].[[[[[[[[[.....]]]]]]]]]]]]
75


Iteration 3


setting environment up
running sampling algorithm
beginning Burn in iterations

Centroid Structure
Length:
 17
Pairs:
 [(1, 34), (10, 24), (11, 23), (28, 71), (29, 70), (35, 50), (36, 49), (37, 48), (38, 47), (39, 46), (40, 45), (52, 68), (53, 67), (54, 66), (55, 65), (56, 64), (57, 63)]
Pairs:
 [1, 34, 10, 24, 11, 23, 28, 71, 29, 70, 35, 50, 36, 49, 37, 48, 38, 47, 39, 46, 40, 45, 52, 68, 53, 67, 54, 66, 55, 65, 56, 64, 57, 63]
Dot Bracket:
 .(........((...........))...[[....)[[[[[[....]]]]]].[[[[[[.....]]]]]].]]...
75


Iteration 4


setting environment up
running sampling algorithm
beginning Burn in iterations

Centroid Structure
Length:
 24
Pairs:
 [(1, 34), (2, 33), (3, 32), (4, 31), (6, 29), (9, 25), (10, 24), (11, 23), (12, 22), (13, 21), (35, 74), (36, 49), (37, 72), (38, 47), (39, 46), (40, 45), (50, 70), (51, 69), (52, 68), (53, 67), (54, 66), (55, 65), (56, 64), (57, 63)]
Pairs:
 [1, 34, 2, 33, 3, 32, 4, 31, 6, 29, 9, 25, 10, 24, 11, 23, 12, 22, 13, 21, 35, 74, 36, 49, 37, 72, 38, 47, 39, 46, 40, 45, 50, 70, 51, 69, 52, 68, 53, 67, 54, 66, 55, 65, 56, 64, 57, 63]
Dot Bracket:
 .((((.(..(((((.......)))))...).))))(([[[[....]]].)[[[[[[[[.....]]]]]]]].].)
75


Iteration 5


setting environment up
running sampling algorithm
beginning Burn in iterations

Centroid Structure
Length:
 23
Pairs:
 [(1, 34), (2, 33), (3, 32), (10, 24), (11, 23), (12, 22), (13, 21), (25, 74), (26, 73), (27, 72), (28, 71), (35, 50), (36, 49), (37, 48), (38, 47), (39, 46), (40, 45), (52, 68), (53, 67), (54, 66), (55, 65), (56, 64), (57, 63)]
Pairs:
 [1, 34, 2, 33, 3, 32, 10, 24, 11, 23, 12, 22, 13, 21, 25, 74, 26, 73, 27, 72, 28, 71, 35, 50, 36, 49, 37, 48, 38, 47, 39, 46, 40, 45, 52, 68, 53, 67, 54, 66, 55, 65, 56, 64, 57, 63]
Dot Bracket:
 .(((......((((.......))))[[[[...)))[[[[[[....]]]]]].[[[[[[.....]]]]]]..]]]]
75


Iteration 6


setting environment up
running sampling algorithm
beginning Burn in iterations

Centroid Structure
Length:
 22
Pairs:
 [(1, 34), (2, 73), (3, 32), (4, 31), (6, 29), (9, 26), (10, 25), (11, 24), (12, 22), (13, 21), (35, 50), (36, 49), (37, 48), (38, 47), (39, 46), (40, 45), (52, 68), (53, 67), (54, 66), (55, 65), (56, 64), (57, 63)]
Pairs:
 [1, 34, 2, 73, 3, 32, 4, 31, 6, 29, 9, 26, 10, 25, 11, 24, 12, 22, 13, 21, 35, 50, 36, 49, 37, 48, 38, 47, 39, 46, 40, 45, 52, 68, 53, 67, 54, 66, 55, 65, 56, 64, 57, 63]
Dot Bracket:
 .([[[.[..[[[[[.......]].]]]..].]].)[[[[[[....]]]]]].[[[[[[.....]]]]]]....].
75


Iteration 7


setting environment up
running sampling algorithm
beginning Burn in iterations

Centroid Structure
Length:
 20
Pairs:
 [(1, 34), (2, 33), (3, 32), (4, 31), (10, 24), (12, 22), (13, 21), (35, 50), (36, 49), (37, 48), (38, 47), (39, 46), (40, 45), (51, 69), (52, 68), (53, 67), (54, 66), (55, 65), (56, 64), (57, 63)]
Pairs:
 [1, 34, 2, 33, 3, 32, 4, 31, 10, 24, 12, 22, 13, 21, 35, 50, 36, 49, 37, 48, 38, 47, 39, 46, 40, 45, 51, 69, 52, 68, 53, 67, 54, 66, 55, 65, 56, 64, 57, 63]
Dot Bracket:
 .((((.....(.((.......)).)......))))((((((....))))))(((((((.....))))))).....
75


Iteration 8


setting environment up
running sampling algorithm
beginning Burn in iterations

Centroid Structure
Length:
 24
Pairs:
 [(1, 34), (2, 33), (3, 24), (4, 31), (5, 22), (6, 29), (7, 20), (11, 23), (13, 21), (25, 74), (28, 71), (30, 69), (35, 50), (36, 49), (37, 48), (38, 47), (39, 46), (40, 45), (52, 68), (53, 67), (54, 66), (55, 65), (56, 64), (57, 63)]
Pairs:
 [1, 34, 2, 33, 3, 24, 4, 31, 5, 22, 6, 29, 7, 20, 11, 23, 13, 21, 25, 74, 28, 71, 30, 69, 35, 50, 36, 49, 37, 48, 38, 47, 39, 46, 40, 45, 52, 68, 53, 67, 54, 66, 55, 65, 56, 64, 57, 63]
Dot Bracket:
 .((([[((...[.[......)]]])(..[)[].))((((((....)))))).((((((.....))))))].]..)
75


Iteration 9


setting environment up
running sampling algorithm
beginning Burn in iterations

Centroid Structure
Length:
 24
Pairs:
 [(1, 34), (2, 33), (3, 32), (10, 24), (11, 23), (12, 22), (13, 21), (25, 74), (26, 73), (27, 72), (28, 71), (35, 50), (36, 49), (37, 48), (38, 47), (39, 46), (40, 45), (51, 69), (52, 68), (53, 67), (54, 66), (55, 65), (56, 64), (57, 63)]
Pairs:
 [1, 34, 2, 33, 3, 32, 10, 24, 11, 23, 12, 22, 13, 21, 25, 74, 26, 73, 27, 72, 28, 71, 35, 50, 36, 49, 37, 48, 38, 47, 39, 46, 40, 45, 51, 69, 52, 68, 53, 67, 54, 66, 55, 65, 56, 64, 57, 63]
Dot Bracket:
 .(((......((((.......))))[[[[...)))[[[[[[....]]]]]][[[[[[[.....]]]]]]].]]]]
75


Iteration 10


setting environment up
running sampling algorithm
beginning Burn in iterations

Centroid Structure
Length:
 22
Pairs:
 [(1, 34), (2, 33), (3, 32), (4, 31), (6, 29), (10, 24), (11, 23), (12, 22), (13, 21), (35, 50), (36, 49), (37, 48), (38, 47), (39, 46), (40, 45), (51, 69), (52, 68), (53, 67), (54, 66), (55, 65), (56, 64), (57, 63)]
Pairs:
 [1, 34, 2, 33, 3, 32, 4, 31, 6, 29, 10, 24, 11, 23, 12, 22, 13, 21, 35, 50, 36, 49, 37, 48, 38, 47, 39, 46, 40, 45, 51, 69, 52, 68, 53, 67, 54, 66, 55, 65, 56, 64, 57, 63]
Dot Bracket:
 .((((.(...((((.......))))....).))))((((((....))))))(((((((.....))))))).....
75


Iteration 11


setting environment up
running sampling algorithm
beginning Burn in iterations

Centroid Structure
Length:
 23
Pairs:
 [(1, 34), (2, 33), (3, 24), (4, 23), (5, 22), (6, 21), (7, 20), (25, 74), (29, 70), (35, 50), (36, 73), (37, 72), (38, 47), (39, 46), (40, 45), (49, 71), (51, 69), (52, 68), (53, 67), (54, 66), (55, 65), (56, 64), (57, 63)]
Pairs:
 [1, 34, 2, 33, 3, 24, 4, 23, 5, 22, 6, 21, 7, 20, 25, 74, 29, 70, 35, 50, 36, 73, 37, 72, 38, 47, 39, 46, 40, 45, 49, 71, 51, 69, 52, 68, 53, 67, 54, 66, 55, 65, 56, 64, 57, 63]
Dot Bracket:
 .(((((((............)))))[...[...))[(((((....))).(](((((((.....)))))))])))]
75


Iteration 12


setting environment up
running sampling algorithm
beginning Burn in iterations

Centroid Structure
Length:
 16
Pairs:
 [(1, 34), (6, 29), (9, 26), (35, 50), (36, 49), (37, 48), (38, 47), (39, 46), (40, 45), (51, 69), (52, 68), (53, 67), (54, 66), (55, 65), (56, 64), (57, 63)]
Pairs:
 [1, 34, 6, 29, 9, 26, 35, 50, 36, 49, 37, 48, 38, 47, 39, 46, 40, 45, 51, 69, 52, 68, 53, 67, 54, 66, 55, 65, 56, 64, 57, 63]
Dot Bracket:
 .(....(..(................)..)....)((((((....))))))(((((((.....))))))).....
75


Iteration 13


setting environment up
running sampling algorithm
beginning Burn in iterations

Centroid Structure
Length:
 16
Pairs:
 [(1, 34), (2, 33), (12, 22), (35, 50), (36, 49), (37, 48), (38, 47), (39, 46), (40, 45), (51, 69), (52, 68), (53, 67), (54, 66), (55, 65), (56, 64), (57, 63)]
Pairs:
 [1, 34, 2, 33, 12, 22, 35, 50, 36, 49, 37, 48, 38, 47, 39, 46, 40, 45, 51, 69, 52, 68, 53, 67, 54, 66, 55, 65, 56, 64, 57, 63]
Dot Bracket:
 .((.........(.........)..........))((((((....))))))(((((((.....))))))).....
75


Iteration 14


setting environment up
running sampling algorithm
beginning Burn in iterations

Centroid Structure
Length:
 21
Pairs:
 [(1, 34), (2, 33), (3, 32), (4, 31), (10, 24), (11, 23), (12, 22), (13, 21), (37, 48), (38, 47), (39, 46), (40, 45), (49, 71), (50, 70), (51, 69), (52, 68), (53, 67), (54, 66), (55, 65), (56, 64), (57, 63)]
Pairs:
 [1, 34, 2, 33, 3, 32, 4, 31, 10, 24, 11, 23, 12, 22, 13, 21, 37, 48, 38, 47, 39, 46, 40, 45, 49, 71, 50, 70, 51, 69, 52, 68, 53, 67, 54, 66, 55, 65, 56, 64, 57, 63]
Dot Bracket:
 .((((.....((((.......))))......))))..((((....))))(((((((((.....)))))))))...
75


Iteration 15


setting environment up
running sampling algorithm
beginning Burn in iterations

Centroid Structure
Length:
 23
Pairs:
 [(1, 34), (2, 33), (3, 32), (4, 31), (6, 29), (9, 26), (10, 24), (11, 23), (12, 22), (13, 21), (35, 50), (36, 73), (37, 48), (38, 47), (39, 46), (40, 45), (51, 69), (52, 68), (53, 67), (54, 71), (55, 65), (56, 64), (57, 63)]
Pairs:
 [1, 34, 2, 33, 3, 32, 4, 31, 6, 29, 9, 26, 10, 24, 11, 23, 12, 22, 13, 21, 35, 50, 36, 73, 37, 48, 38, 47, 39, 46, 40, 45, 51, 69, 52, 68, 53, 67, 54, 71, 55, 65, 56, 64, 57, 63]
Dot Bracket:
 .((((.(..(((((.......)))).)..).))))([[[[[....]]]].)[[[((((.....))).]]].).].
75


Iteration 16


setting environment up
running sampling algorithm
beginning Burn in iterations

Centroid Structure
Length:
 22
Pairs:
 [(1, 34), (2, 33), (3, 32), (4, 31), (9, 26), (10, 24), (11, 23), (12, 22), (13, 21), (36, 49), (37, 48), (38, 47), (39, 46), (40, 45), (50, 70), (51, 69), (52, 68), (53, 67), (54, 66), (55, 65), (56, 64), (57, 63)]
Pairs:
 [1, 34, 2, 33, 3, 32, 4, 31, 9, 26, 10, 24, 11, 23, 12, 22, 13, 21, 36, 49, 37, 48, 38, 47, 39, 46, 40, 45, 50, 70, 51, 69, 52, 68, 53, 67, 54, 66, 55, 65, 56, 64, 57, 63]
Dot Bracket:
 .((((....(((((.......)))).)....)))).(((((....)))))((((((((.....))))))))....
75


Iteration 17


setting environment up
running sampling algorithm
beginning Burn in iterations

Centroid Structure
Length:
 24
Pairs:
 [(1, 34), (2, 33), (3, 32), (4, 31), (6, 29), (9, 26), (10, 24), (11, 23), (12, 22), (13, 21), (14, 19), (35, 50), (37, 48), (38, 47), (39, 46), (40, 45), (49, 71), (51, 69), (52, 68), (53, 67), (54, 66), (55, 65), (56, 64), (57, 63)]
Pairs:
 [1, 34, 2, 33, 3, 32, 4, 31, 6, 29, 9, 26, 10, 24, 11, 23, 12, 22, 13, 21, 14, 19, 35, 50, 37, 48, 38, 47, 39, 46, 40, 45, 49, 71, 51, 69, 52, 68, 53, 67, 54, 66, 55, 65, 56, 64, 57, 63]
Dot Bracket:
 .((((.(..((((((....).)))).)..).))))(.((((....))))[)[[[[[[[.....]]]]]]].]...
75


Iteration 18


setting environment up
running sampling algorithm
beginning Burn in iterations

Centroid Structure
Length:
 22
Pairs:
 [(1, 34), (2, 73), (6, 29), (9, 26), (10, 24), (11, 23), (12, 22), (13, 21), (31, 54), (35, 74), (37, 72), (38, 47), (39, 46), (40, 45), (49, 71), (50, 70), (52, 68), (55, 65), (56, 64), (57, 63), (59, 69), (61, 67)]
Pairs:
 [1, 34, 2, 73, 6, 29, 9, 26, 10, 24, 11, 23, 12, 22, 13, 21, 31, 54, 35, 74, 37, 72, 38, 47, 39, 46, 40, 45, 49, 71, 50, 70, 52, 68, 55, 65, 56, 64, 57, 63, 59, 69, 61, 67]
Dot Bracket:
 .([...[..[[[[[.......]]]].]..].[..)(.((((....))).((.(.](((.[.[.))).])])))])
75


Iteration 19


setting environment up
running sampling algorithm
beginning Burn in iterations

Centroid Structure
Length:
 15
Pairs:
 [(11, 23), (12, 22), (13, 21), (35, 50), (36, 49), (37, 48), (38, 47), (39, 46), (40, 45), (52, 68), (53, 67), (54, 66), (55, 65), (56, 64), (57, 63)]
Pairs:
 [11, 23, 12, 22, 13, 21, 35, 50, 36, 49, 37, 48, 38, 47, 39, 46, 40, 45, 52, 68, 53, 67, 54, 66, 55, 65, 56, 64, 57, 63]
Dot Bracket:
 ...........(((.......)))...........((((((....)))))).((((((.....))))))......
75
