Iteration 0

setting environment up
running sfold binary

Sfold Executable Code for Academic Users, Version 2.2-20110126
 Running partition function and statistical sampling module... done
 (general output in /home/chris/devtree/pseudoKnot_research/output/sfold.out)
 Running structure clustering module... done
 (general output in /home/chris/devtree/pseudoKnot_research/output/sclass.out)
Process completed. See output files in '/home/chris/devtree/pseudoKnot_research/output'.

running sampling algorithm
beginning Burn in iterations

Centroid Structure
Length:
 25
Pairs:
 [(0, 76), (1, 75), (2, 74), (3, 73), (4, 71), (5, 70), (6, 69), (9, 21), (10, 20), (11, 19), (12, 18), (13, 17), (22, 66), (23, 65), (24, 36), (26, 62), (27, 61), (28, 60), (33, 47), (34, 46), (35, 45), (48, 59), (49, 58), (50, 57), (51, 56)]
Pairs:
 [0, 76, 1, 75, 2, 74, 3, 73, 4, 71, 5, 70, 6, 69, 9, 21, 10, 20, 11, 19, 12, 18, 13, 17, 22, 66, 23, 65, 24, 36, 26, 62, 27, 61, 28, 60, 33, 47, 34, 46, 35, 45, 48, 59, 49, 58, 50, 57, 51, 56]
Dot Bracket:
 (((((((..(((((...)))))(((.[[[....[[[)........]]][[[[....]]]]]]]..))..))).))))
77


Iteration 1


setting environment up
running sampling algorithm
beginning Burn in iterations

Centroid Structure
Length:
 20
Pairs:
 [(0, 76), (1, 75), (2, 74), (3, 73), (4, 72), (7, 69), (9, 21), (10, 20), (11, 19), (13, 17), (24, 36), (25, 35), (26, 34), (43, 63), (44, 64), (47, 60), (48, 59), (49, 58), (50, 57), (51, 56)]
Pairs:
 [0, 76, 1, 75, 2, 74, 3, 73, 4, 72, 7, 69, 9, 21, 10, 20, 11, 19, 13, 17, 24, 36, 25, 35, 26, 34, 43, 63, 44, 64, 47, 60, 48, 59, 49, 58, 50, 57, 51, 56]
Dot Bracket:
 (((((..(.(((.(...).)))..(((.......)))......([..[[[[[....]]]]]..)]....)..)))))
77


Iteration 2


setting environment up
running sampling algorithm
beginning Burn in iterations

Centroid Structure
Length:
 23
Pairs:
 [(0, 76), (1, 75), (2, 74), (3, 73), (4, 71), (5, 70), (7, 69), (10, 67), (11, 66), (12, 18), (13, 17), (15, 42), (22, 38), (23, 37), (24, 36), (25, 35), (26, 34), (28, 33), (47, 60), (48, 59), (49, 58), (50, 57), (51, 56)]
Pairs:
 [0, 76, 1, 75, 2, 74, 3, 73, 4, 71, 5, 70, 7, 69, 10, 67, 11, 66, 12, 18, 13, 17, 15, 42, 22, 38, 23, 37, 24, 36, 25, 35, 26, 34, 28, 33, 47, 60, 48, 59, 49, 58, 50, 57, 51, 56]
Dot Bracket:
 ((((((.(..((((.[.))...[[[[[.[....]]]]]]...]....[[[[[....]]]]].....)).))).))))
77


Iteration 3


setting environment up
running sampling algorithm
beginning Burn in iterations

Centroid Structure
Length:
 20
Pairs:
 [(0, 76), (1, 75), (2, 74), (3, 73), (4, 72), (9, 21), (10, 20), (11, 19), (12, 18), (13, 17), (22, 38), (23, 37), (24, 36), (25, 35), (26, 34), (47, 60), (48, 59), (49, 58), (50, 57), (51, 56)]
Pairs:
 [0, 76, 1, 75, 2, 74, 3, 73, 4, 72, 9, 21, 10, 20, 11, 19, 12, 18, 13, 17, 22, 38, 23, 37, 24, 36, 25, 35, 26, 34, 47, 60, 48, 59, 49, 58, 50, 57, 51, 56]
Dot Bracket:
 (((((....(((((...)))))(((((.......)))))........(((((....)))))...........)))))
77


Iteration 4


setting environment up
running sampling algorithm
beginning Burn in iterations

Centroid Structure
Length:
 22
Pairs:
 [(0, 76), (1, 75), (2, 74), (3, 73), (4, 72), (9, 21), (10, 20), (11, 19), (12, 18), (13, 17), (22, 38), (23, 37), (24, 36), (25, 35), (26, 34), (44, 64), (45, 63), (47, 60), (48, 59), (49, 58), (50, 57), (51, 56)]
Pairs:
 [0, 76, 1, 75, 2, 74, 3, 73, 4, 72, 9, 21, 10, 20, 11, 19, 12, 18, 13, 17, 22, 38, 23, 37, 24, 36, 25, 35, 26, 34, 44, 64, 45, 63, 47, 60, 48, 59, 49, 58, 50, 57, 51, 56]
Dot Bracket:
 (((((....(((((...)))))(((((.......))))).....((.(((((....)))))..)).......)))))
77


Iteration 5


setting environment up
running sampling algorithm
beginning Burn in iterations

Centroid Structure
Length:
 23
Pairs:
 [(0, 76), (1, 75), (2, 74), (3, 73), (4, 72), (5, 70), (9, 21), (10, 20), (11, 19), (12, 18), (13, 17), (24, 36), (25, 35), (26, 34), (47, 60), (48, 59), (49, 58), (51, 69), (52, 68), (53, 67), (54, 66), (55, 65), (57, 63)]
Pairs:
 [0, 76, 1, 75, 2, 74, 3, 73, 4, 72, 5, 70, 9, 21, 10, 20, 11, 19, 12, 18, 13, 17, 24, 36, 25, 35, 26, 34, 47, 60, 48, 59, 49, 58, 51, 69, 52, 68, 53, 67, 54, 66, 55, 65, 57, 63]
Dot Bracket:
 ((((((...(((((...)))))..(((.......)))..........(((.[[[[[.[)))..].]]]]]).)))))
77


Iteration 6


setting environment up
running sampling algorithm
beginning Burn in iterations

Centroid Structure
Length:
 21
Pairs:
 [(0, 76), (1, 75), (2, 74), (3, 73), (4, 72), (10, 20), (11, 19), (12, 18), (13, 17), (22, 38), (23, 37), (24, 36), (25, 35), (26, 34), (27, 33), (44, 64), (47, 60), (48, 59), (49, 58), (50, 57), (51, 56)]
Pairs:
 [0, 76, 1, 75, 2, 74, 3, 73, 4, 72, 10, 20, 11, 19, 12, 18, 13, 17, 22, 38, 23, 37, 24, 36, 25, 35, 26, 34, 27, 33, 44, 64, 47, 60, 48, 59, 49, 58, 50, 57, 51, 56]
Dot Bracket:
 (((((.....((((...)))).((((((.....)))))).....(..(((((....)))))...).......)))))
77


Iteration 7


setting environment up
running sampling algorithm
beginning Burn in iterations

Centroid Structure
Length:
 21
Pairs:
 [(0, 76), (1, 75), (2, 74), (3, 73), (4, 72), (5, 70), (9, 21), (10, 20), (12, 18), (13, 17), (22, 38), (23, 37), (24, 36), (25, 35), (26, 34), (27, 33), (47, 60), (48, 59), (49, 58), (50, 57), (51, 56)]
Pairs:
 [0, 76, 1, 75, 2, 74, 3, 73, 4, 72, 5, 70, 9, 21, 10, 20, 12, 18, 13, 17, 22, 38, 23, 37, 24, 36, 25, 35, 26, 34, 27, 33, 47, 60, 48, 59, 49, 58, 50, 57, 51, 56]
Dot Bracket:
 ((((((...((.((...)).))((((((.....))))))........(((((....))))).........).)))))
77


Iteration 8


setting environment up
running sampling algorithm
beginning Burn in iterations

Centroid Structure
Length:
 24
Pairs:
 [(0, 76), (1, 75), (2, 74), (3, 73), (5, 70), (9, 21), (10, 20), (11, 19), (12, 18), (13, 17), (23, 37), (24, 36), (25, 35), (27, 33), (34, 46), (47, 60), (48, 59), (49, 58), (50, 57), (51, 56), (52, 68), (53, 67), (54, 66), (55, 65)]
Pairs:
 [0, 76, 1, 75, 2, 74, 3, 73, 5, 70, 9, 21, 10, 20, 11, 19, 12, 18, 13, 17, 23, 37, 24, 36, 25, 35, 27, 33, 34, 46, 47, 60, 48, 59, 49, 58, 50, 57, 51, 56, 52, 68, 53, 67, 54, 66, 55, 65]
Dot Bracket:
 ((((.(...(((((...))))).(((.(.....)[)))........][[[[[((((]]]]]....)))).)..))))
77


Iteration 9


setting environment up
running sampling algorithm
beginning Burn in iterations

Centroid Structure
Length:
 21
Pairs:
 [(0, 76), (1, 75), (2, 74), (3, 73), (4, 72), (5, 70), (9, 21), (10, 20), (11, 19), (12, 18), (13, 17), (22, 38), (23, 37), (25, 35), (44, 64), (45, 63), (47, 60), (48, 59), (49, 58), (50, 57), (51, 56)]
Pairs:
 [0, 76, 1, 75, 2, 74, 3, 73, 4, 72, 5, 70, 9, 21, 10, 20, 11, 19, 12, 18, 13, 17, 22, 38, 23, 37, 25, 35, 44, 64, 45, 63, 47, 60, 48, 59, 49, 58, 50, 57, 51, 56]
Dot Bracket:
 ((((((...(((((...)))))((.(.........).)).....((.(((((....)))))..)).....).)))))
77


Iteration 10


setting environment up
running sampling algorithm
beginning Burn in iterations

Centroid Structure
Length:
 27
Pairs:
 [(0, 76), (1, 75), (2, 74), (3, 73), (4, 71), (5, 70), (7, 69), (9, 21), (10, 20), (11, 19), (12, 18), (13, 17), (22, 38), (23, 37), (24, 36), (25, 35), (26, 34), (27, 33), (39, 67), (41, 61), (42, 64), (43, 63), (47, 60), (48, 59), (49, 58), (50, 57), (51, 56)]
Pairs:
 [0, 76, 1, 75, 2, 74, 3, 73, 4, 71, 5, 70, 7, 69, 9, 21, 10, 20, 11, 19, 12, 18, 13, 17, 22, 38, 23, 37, 24, 36, 25, 35, 26, 34, 27, 33, 39, 67, 41, 61, 42, 64, 43, 63, 47, 60, 48, 59, 49, 58, 50, 57, 51, 56]
Dot Bracket:
 ((((((.(.(((((...)))))((((((.....))))))(.([[...[[[[[....]]]]]).]]..).))).))))
77


Iteration 11


setting environment up
running sampling algorithm
beginning Burn in iterations

Centroid Structure
Length:
 24
Pairs:
 [(0, 76), (1, 75), (2, 74), (3, 73), (4, 72), (6, 22), (10, 20), (12, 18), (13, 17), (15, 44), (24, 36), (26, 34), (35, 45), (37, 43), (47, 60), (48, 59), (49, 58), (50, 70), (51, 69), (52, 68), (53, 67), (54, 66), (55, 65), (57, 63)]
Pairs:
 [0, 76, 1, 75, 2, 74, 3, 73, 4, 72, 6, 22, 10, 20, 12, 18, 13, 17, 15, 44, 24, 36, 26, 34, 35, 45, 37, 43, 47, 60, 48, 59, 49, 58, 50, 70, 51, 69, 52, 68, 53, 67, 54, 66, 55, 65, 57, 63]
Dot Bracket:
 (((((.(...(.((.[.)).).).[.[.......](](.....)]).((([[[[[[.[)))..].]]]]]].)))))
77


Iteration 12


setting environment up
running sampling algorithm
beginning Burn in iterations

Centroid Structure
Length:
 21
Pairs:
 [(0, 76), (1, 75), (2, 74), (3, 73), (4, 72), (5, 70), (6, 69), (10, 20), (11, 19), (12, 18), (13, 17), (22, 38), (23, 37), (24, 36), (32, 48), (35, 45), (49, 58), (50, 57), (51, 56), (53, 67), (54, 66)]
Pairs:
 [0, 76, 1, 75, 2, 74, 3, 73, 4, 72, 5, 70, 6, 69, 10, 20, 11, 19, 12, 18, 13, 17, 22, 38, 23, 37, 24, 36, 32, 48, 35, 45, 49, 58, 50, 57, 51, 56, 53, 67, 54, 66]
Dot Bracket:
 (((((((...((((...)))).(((.......[..[)))......]..][[[.((.]]].......)).)).)))))
77


Iteration 13


setting environment up
running sampling algorithm
beginning Burn in iterations

Centroid Structure
Length:
 24
Pairs:
 [(0, 76), (1, 75), (2, 74), (3, 73), (4, 72), (7, 69), (9, 21), (10, 20), (11, 19), (12, 18), (13, 17), (22, 38), (23, 37), (24, 36), (26, 34), (35, 45), (47, 60), (48, 59), (49, 58), (51, 56), (52, 68), (53, 67), (54, 66), (57, 63)]
Pairs:
 [0, 76, 1, 75, 2, 74, 3, 73, 4, 72, 7, 69, 9, 21, 10, 20, 11, 19, 12, 18, 13, 17, 22, 38, 23, 37, 24, 36, 26, 34, 35, 45, 47, 60, 48, 59, 49, 58, 51, 56, 52, 68, 53, 67, 54, 66, 57, 63]
Dot Bracket:
 (((((..(.(((((...)))))(((.(.......)[)))......].[[[.[(((.](]]]..)..))))..)))))
77


Iteration 14


setting environment up
running sampling algorithm
beginning Burn in iterations

Centroid Structure
Length:
 26
Pairs:
 [(0, 76), (1, 75), (2, 74), (3, 73), (4, 72), (9, 21), (10, 20), (11, 19), (12, 18), (13, 17), (23, 30), (24, 36), (25, 35), (28, 34), (29, 33), (37, 70), (38, 69), (39, 68), (43, 65), (44, 64), (45, 63), (47, 60), (48, 59), (49, 58), (50, 57), (51, 56)]
Pairs:
 [0, 76, 1, 75, 2, 74, 3, 73, 4, 72, 9, 21, 10, 20, 11, 19, 12, 18, 13, 17, 23, 30, 24, 36, 25, 35, 28, 34, 29, 33, 37, 70, 38, 69, 39, 68, 43, 65, 44, 64, 45, 63, 47, 60, 48, 59, 49, 58, 50, 57, 51, 56]
Dot Bracket:
 (((((....(((((...))))).([[..[[)..]]]][[[...[[[.[[[[[....]]]]]..]]]..]]].)))))
77


Iteration 15


setting environment up
running sampling algorithm
beginning Burn in iterations

Centroid Structure
Length:
 25
Pairs:
 [(0, 76), (1, 75), (2, 74), (3, 73), (4, 72), (6, 22), (9, 21), (10, 20), (11, 19), (12, 18), (13, 17), (23, 37), (24, 36), (26, 34), (28, 33), (32, 48), (35, 45), (49, 71), (50, 70), (51, 69), (52, 68), (53, 67), (54, 66), (55, 65), (57, 63)]
Pairs:
 [0, 76, 1, 75, 2, 74, 3, 73, 4, 72, 6, 22, 9, 21, 10, 20, 11, 19, 12, 18, 13, 17, 23, 37, 24, 36, 26, 34, 28, 33, 32, 48, 35, 45, 49, 71, 50, 70, 51, 69, 52, 68, 53, 67, 54, 66, 55, 65, 57, 63]
Dot Bracket:
 (((((.(..(((((...))))))((.(.(...[))[)).......]..][[[[[[[.[.....].]]]]]]])))))
77


Iteration 16


setting environment up
running sampling algorithm
beginning Burn in iterations

Centroid Structure
Length:
 24
Pairs:
 [(0, 76), (1, 75), (2, 74), (3, 73), (4, 72), (5, 70), (6, 69), (9, 45), (10, 20), (11, 19), (12, 18), (13, 17), (22, 38), (23, 37), (24, 36), (25, 35), (27, 34), (29, 33), (42, 64), (47, 60), (48, 59), (49, 58), (50, 57), (51, 56)]
Pairs:
 [0, 76, 1, 75, 2, 74, 3, 73, 4, 72, 5, 70, 6, 69, 9, 45, 10, 20, 11, 19, 12, 18, 13, 17, 22, 38, 23, 37, 24, 36, 25, 35, 27, 34, 29, 33, 42, 64, 47, 60, 48, 59, 49, 58, 50, 57, 51, 56]
Dot Bracket:
 (((((((..(((((...)))).((((.(.(...))))))...[..).[[[[[....]]]]]...]....)).)))))
77


Iteration 17


setting environment up
running sampling algorithm
beginning Burn in iterations

Centroid Structure
Length:
 19
Pairs:
 [(0, 76), (1, 75), (2, 74), (3, 73), (4, 72), (5, 70), (7, 69), (11, 19), (22, 38), (23, 37), (24, 36), (25, 35), (26, 34), (27, 33), (47, 60), (48, 59), (49, 58), (50, 57), (51, 56)]
Pairs:
 [0, 76, 1, 75, 2, 74, 3, 73, 4, 72, 5, 70, 7, 69, 11, 19, 22, 38, 23, 37, 24, 36, 25, 35, 26, 34, 27, 33, 47, 60, 48, 59, 49, 58, 50, 57, 51, 56]
Dot Bracket:
 ((((((.(...(.......)..((((((.....))))))........(((((....)))))........)).)))))
77


Iteration 18


setting environment up
running sampling algorithm
beginning Burn in iterations

Centroid Structure
Length:
 19
Pairs:
 [(0, 76), (1, 75), (2, 74), (3, 73), (4, 72), (6, 70), (7, 69), (12, 18), (19, 39), (22, 38), (23, 37), (24, 36), (25, 35), (26, 34), (47, 60), (48, 59), (49, 58), (50, 57), (51, 56)]
Pairs:
 [0, 76, 1, 75, 2, 74, 3, 73, 4, 72, 6, 70, 7, 69, 12, 18, 19, 39, 22, 38, 23, 37, 24, 36, 25, 35, 26, 34, 47, 60, 48, 59, 49, 58, 50, 57, 51, 56]
Dot Bracket:
 (((((.((....(.....)(..(((((.......)))))).......(((((....)))))........)).)))))
77


Iteration 19


setting environment up
running sampling algorithm
beginning Burn in iterations

Centroid Structure
Length:
 24
Pairs:
 [(0, 76), (1, 75), (2, 74), (3, 73), (4, 72), (6, 22), (10, 20), (11, 19), (12, 18), (13, 17), (24, 36), (25, 35), (28, 34), (32, 48), (33, 47), (37, 43), (49, 71), (50, 70), (51, 69), (52, 68), (53, 67), (54, 66), (55, 65), (57, 63)]
Pairs:
 [0, 76, 1, 75, 2, 74, 3, 73, 4, 72, 6, 22, 10, 20, 11, 19, 12, 18, 13, 17, 24, 36, 25, 35, 28, 34, 32, 48, 33, 47, 37, 43, 49, 71, 50, 70, 51, 69, 52, 68, 53, 67, 54, 66, 55, 65, 57, 63]
Dot Bracket:
 (((((.(...((((...)))).).((..(...[[)))[.....]...]][[[[[[[.[.....].]]]]]]])))))
77
