Iteration 0

setting environment up
running sfold binary

Sfold Executable Code for Academic Users, Version 2.2-20110126
 Running partition function and statistical sampling module... done
 (general output in /home/chris/devtree/pseudoKnot_research/output/sfold.out)
 Running structure clustering module... done
 (general output in /home/chris/devtree/pseudoKnot_research/output/sclass.out)
Process completed. See output files in '/home/chris/devtree/pseudoKnot_research/output'.

running sampling algorithm
beginning Burn in iterations

Centroid Structure
Length:
 23
Pairs:
 [(0, 74), (5, 50), (6, 49), (9, 47), (10, 45), (12, 43), (13, 42), (14, 41), (15, 40), (16, 39), (17, 38), (18, 37), (19, 36), (20, 35), (21, 34), (22, 33), (51, 72), (52, 71), (53, 70), (54, 69), (55, 68), (56, 67), (57, 66)]
Pairs:
 [0, 74, 5, 50, 6, 49, 9, 47, 10, 45, 12, 43, 13, 42, 14, 41, 15, 40, 16, 39, 17, 38, 18, 37, 19, 36, 20, 35, 21, 34, 22, 33, 51, 72, 52, 71, 53, 70, 54, 69, 55, 68, 56, 67, 57, 66]
Dot Bracket:
 (....((..((.(((((((((((..........))))))))))).).).))(((((((........))))))).)
75


Iteration 1


setting environment up
running sampling algorithm
beginning Burn in iterations

Centroid Structure
Length:
 22
Pairs:
 [(0, 74), (4, 50), (6, 49), (10, 45), (12, 43), (13, 42), (14, 41), (15, 40), (16, 39), (17, 38), (18, 37), (19, 36), (20, 35), (21, 34), (22, 33), (23, 32), (52, 71), (53, 70), (54, 69), (55, 68), (56, 67), (57, 66)]
Pairs:
 [0, 74, 4, 50, 6, 49, 10, 45, 12, 43, 13, 42, 14, 41, 15, 40, 16, 39, 17, 38, 18, 37, 19, 36, 20, 35, 21, 34, 22, 33, 23, 32, 52, 71, 53, 70, 54, 69, 55, 68, 56, 67, 57, 66]
Dot Bracket:
 (...(.(...(.((((((((((((........)))))))))))).)...)).((((((........))))))..)
75


Iteration 2


setting environment up
running sampling algorithm
beginning Burn in iterations

Centroid Structure
Length:
 22
Pairs:
 [(3, 51), (4, 50), (7, 47), (10, 45), (11, 43), (13, 42), (14, 41), (15, 40), (16, 39), (17, 38), (18, 37), (19, 36), (20, 35), (21, 34), (22, 33), (23, 32), (52, 71), (53, 70), (54, 69), (55, 68), (56, 67), (57, 66)]
Pairs:
 [3, 51, 4, 50, 7, 47, 10, 45, 11, 43, 13, 42, 14, 41, 15, 40, 16, 39, 17, 38, 18, 37, 19, 36, 20, 35, 21, 34, 22, 33, 23, 32, 52, 71, 53, 70, 54, 69, 55, 68, 56, 67, 57, 66]
Dot Bracket:
 ...((..(..((.(((((((((((........)))))))))))).).)..))((((((........))))))...
75


Iteration 3


setting environment up
running sampling algorithm
beginning Burn in iterations

Centroid Structure
Length:
 22
Pairs:
 [(0, 74), (5, 50), (6, 49), (9, 47), (10, 45), (12, 43), (13, 42), (14, 41), (15, 40), (16, 39), (17, 38), (18, 37), (19, 36), (20, 35), (21, 34), (22, 33), (52, 71), (53, 70), (54, 69), (55, 68), (56, 67), (57, 66)]
Pairs:
 [0, 74, 5, 50, 6, 49, 9, 47, 10, 45, 12, 43, 13, 42, 14, 41, 15, 40, 16, 39, 17, 38, 18, 37, 19, 36, 20, 35, 21, 34, 22, 33, 52, 71, 53, 70, 54, 69, 55, 68, 56, 67, 57, 66]
Dot Bracket:
 (....((..((.(((((((((((..........))))))))))).).).)).((((((........))))))..)
75


Iteration 4


setting environment up
running sampling algorithm
beginning Burn in iterations

Centroid Structure
Length:
 24
Pairs:
 [(4, 51), (5, 50), (6, 49), (10, 45), (12, 43), (13, 42), (14, 41), (15, 40), (16, 39), (17, 38), (18, 37), (19, 36), (20, 35), (21, 34), (22, 33), (23, 32), (26, 31), (52, 71), (53, 70), (54, 69), (55, 68), (56, 67), (57, 66), (58, 63)]
Pairs:
 [4, 51, 5, 50, 6, 49, 10, 45, 12, 43, 13, 42, 14, 41, 15, 40, 16, 39, 17, 38, 18, 37, 19, 36, 20, 35, 21, 34, 22, 33, 23, 32, 26, 31, 52, 71, 53, 70, 54, 69, 55, 68, 56, 67, 57, 66, 58, 63]
Dot Bracket:
 ....(((...(.((((((((((((..(....))))))))))))).)...)))(((((((....)..))))))...
75


Iteration 5


setting environment up
running sampling algorithm
beginning Burn in iterations

Centroid Structure
Length:
 22
Pairs:
 [(0, 74), (4, 50), (6, 49), (10, 45), (12, 43), (13, 42), (14, 41), (15, 40), (16, 39), (17, 38), (18, 37), (19, 36), (20, 35), (21, 34), (22, 33), (23, 32), (52, 71), (53, 70), (54, 69), (55, 68), (56, 67), (57, 66)]
Pairs:
 [0, 74, 4, 50, 6, 49, 10, 45, 12, 43, 13, 42, 14, 41, 15, 40, 16, 39, 17, 38, 18, 37, 19, 36, 20, 35, 21, 34, 22, 33, 23, 32, 52, 71, 53, 70, 54, 69, 55, 68, 56, 67, 57, 66]
Dot Bracket:
 (...(.(...(.((((((((((((........)))))))))))).)...)).((((((........))))))..)
75


Iteration 6


setting environment up
running sampling algorithm
beginning Burn in iterations

Centroid Structure
Length:
 24
Pairs:
 [(1, 49), (2, 48), (6, 72), (9, 47), (10, 46), (12, 43), (13, 42), (14, 41), (15, 40), (16, 39), (17, 38), (18, 37), (19, 36), (20, 35), (21, 34), (22, 33), (23, 32), (25, 31), (52, 71), (53, 70), (54, 69), (55, 68), (56, 67), (57, 66)]
Pairs:
 [1, 49, 2, 48, 6, 72, 9, 47, 10, 46, 12, 43, 13, 42, 14, 41, 15, 40, 16, 39, 17, 38, 18, 37, 19, 36, 20, 35, 21, 34, 22, 33, 23, 32, 25, 31, 52, 71, 53, 70, 54, 69, 55, 68, 56, 67, 57, 66]
Dot Bracket:
 .((...[..[[.[[[[[[[[[[[[.[.....]]]]]]]]]]]]]..]]))..[[[[[[........]]]]]]]..
75


Iteration 7


setting environment up
running sampling algorithm
beginning Burn in iterations

Centroid Structure
Length:
 23
Pairs:
 [(4, 51), (5, 50), (6, 49), (9, 47), (10, 45), (12, 43), (13, 42), (14, 41), (15, 40), (16, 39), (17, 38), (18, 37), (19, 36), (20, 35), (21, 34), (22, 33), (23, 32), (52, 71), (53, 70), (54, 69), (55, 68), (56, 67), (57, 66)]
Pairs:
 [4, 51, 5, 50, 6, 49, 9, 47, 10, 45, 12, 43, 13, 42, 14, 41, 15, 40, 16, 39, 17, 38, 18, 37, 19, 36, 20, 35, 21, 34, 22, 33, 23, 32, 52, 71, 53, 70, 54, 69, 55, 68, 56, 67, 57, 66]
Dot Bracket:
 ....(((..((.((((((((((((........)))))))))))).).).)))((((((........))))))...
75


Iteration 8


setting environment up
running sampling algorithm
beginning Burn in iterations

Centroid Structure
Length:
 26
Pairs:
 [(2, 74), (3, 73), (5, 50), (6, 49), (9, 47), (10, 45), (12, 43), (13, 42), (14, 41), (15, 40), (16, 39), (17, 38), (18, 37), (19, 36), (20, 35), (21, 34), (22, 33), (23, 32), (25, 31), (51, 72), (52, 71), (53, 70), (54, 69), (55, 68), (56, 67), (57, 66)]
Pairs:
 [2, 74, 3, 73, 5, 50, 6, 49, 9, 47, 10, 45, 12, 43, 13, 42, 14, 41, 15, 40, 16, 39, 17, 38, 18, 37, 19, 36, 20, 35, 21, 34, 22, 33, 23, 32, 25, 31, 51, 72, 52, 71, 53, 70, 54, 69, 55, 68, 56, 67, 57, 66]
Dot Bracket:
 ..((.((..((.((((((((((((.(.....))))))))))))).).).))(((((((........)))))))))
75


Iteration 9


setting environment up
running sampling algorithm
beginning Burn in iterations

Centroid Structure
Length:
 20
Pairs:
 [(5, 50), (6, 49), (12, 43), (13, 42), (14, 41), (15, 40), (16, 39), (17, 38), (18, 37), (19, 36), (20, 35), (21, 34), (22, 33), (23, 32), (52, 71), (53, 70), (54, 69), (55, 68), (56, 67), (57, 66)]
Pairs:
 [5, 50, 6, 49, 12, 43, 13, 42, 14, 41, 15, 40, 16, 39, 17, 38, 18, 37, 19, 36, 20, 35, 21, 34, 22, 33, 23, 32, 52, 71, 53, 70, 54, 69, 55, 68, 56, 67, 57, 66]
Dot Bracket:
 .....((.....((((((((((((........)))))))))))).....)).((((((........))))))...
75


Iteration 10


setting environment up
running sampling algorithm
beginning Burn in iterations

Centroid Structure
Length:
 21
Pairs:
 [(0, 74), (2, 52), (3, 51), (4, 50), (10, 45), (12, 43), (13, 42), (14, 41), (15, 40), (16, 39), (17, 38), (18, 37), (19, 36), (20, 35), (21, 34), (22, 33), (53, 70), (54, 69), (55, 68), (56, 67), (57, 66)]
Pairs:
 [0, 74, 2, 52, 3, 51, 4, 50, 10, 45, 12, 43, 13, 42, 14, 41, 15, 40, 16, 39, 17, 38, 18, 37, 19, 36, 20, 35, 21, 34, 22, 33, 53, 70, 54, 69, 55, 68, 56, 67, 57, 66]
Dot Bracket:
 (.(((.....(.(((((((((((..........))))))))))).)....)))(((((........)))))...)
75


Iteration 11


setting environment up
running sampling algorithm
beginning Burn in iterations

Centroid Structure
Length:
 23
Pairs:
 [(0, 74), (4, 51), (5, 50), (6, 49), (10, 45), (12, 43), (13, 42), (14, 41), (15, 40), (16, 39), (17, 38), (18, 37), (19, 36), (20, 35), (21, 34), (22, 33), (23, 32), (52, 71), (53, 70), (54, 69), (55, 68), (56, 67), (57, 66)]
Pairs:
 [0, 74, 4, 51, 5, 50, 6, 49, 10, 45, 12, 43, 13, 42, 14, 41, 15, 40, 16, 39, 17, 38, 18, 37, 19, 36, 20, 35, 21, 34, 22, 33, 23, 32, 52, 71, 53, 70, 54, 69, 55, 68, 56, 67, 57, 66]
Dot Bracket:
 (...(((...(.((((((((((((........)))))))))))).)...)))((((((........))))))..)
75


Iteration 12


setting environment up
running sampling algorithm
beginning Burn in iterations

Centroid Structure
Length:
 24
Pairs:
 [(6, 49), (10, 45), (12, 43), (13, 42), (14, 41), (15, 40), (16, 39), (17, 38), (18, 37), (19, 36), (20, 35), (21, 34), (22, 33), (24, 30), (26, 31), (50, 74), (51, 72), (52, 71), (53, 70), (54, 69), (55, 68), (56, 67), (57, 66), (58, 63)]
Pairs:
 [6, 49, 10, 45, 12, 43, 13, 42, 14, 41, 15, 40, 16, 39, 17, 38, 18, 37, 19, 36, 20, 35, 21, 34, 22, 33, 24, 30, 26, 31, 50, 74, 51, 72, 52, 71, 53, 70, 54, 69, 55, 68, 56, 67, 57, 66, 58, 63]
Dot Bracket:
 ......(...(.(((((((((((.(.[...)].))))))))))).)...)[[[[[[[[[....]..]]]]]]].]
75


Iteration 13


setting environment up
running sampling algorithm
beginning Burn in iterations

Centroid Structure
Length:
 24
Pairs:
 [(0, 74), (4, 50), (6, 49), (9, 47), (10, 45), (12, 43), (13, 42), (14, 41), (15, 40), (16, 39), (17, 38), (18, 37), (19, 36), (20, 35), (21, 34), (22, 33), (23, 32), (51, 72), (52, 71), (53, 70), (54, 69), (55, 68), (56, 67), (57, 66)]
Pairs:
 [0, 74, 4, 50, 6, 49, 9, 47, 10, 45, 12, 43, 13, 42, 14, 41, 15, 40, 16, 39, 17, 38, 18, 37, 19, 36, 20, 35, 21, 34, 22, 33, 23, 32, 51, 72, 52, 71, 53, 70, 54, 69, 55, 68, 56, 67, 57, 66]
Dot Bracket:
 (...(.(..((.((((((((((((........)))))))))))).).).))(((((((........))))))).)
75


Iteration 14


setting environment up
running sampling algorithm
beginning Burn in iterations

Centroid Structure
Length:
 23
Pairs:
 [(5, 50), (6, 49), (9, 47), (10, 45), (12, 43), (13, 42), (14, 41), (15, 40), (16, 39), (17, 38), (18, 37), (19, 36), (20, 35), (21, 34), (22, 33), (23, 32), (51, 72), (52, 71), (53, 70), (54, 69), (55, 68), (56, 67), (57, 66)]
Pairs:
 [5, 50, 6, 49, 9, 47, 10, 45, 12, 43, 13, 42, 14, 41, 15, 40, 16, 39, 17, 38, 18, 37, 19, 36, 20, 35, 21, 34, 22, 33, 23, 32, 51, 72, 52, 71, 53, 70, 54, 69, 55, 68, 56, 67, 57, 66]
Dot Bracket:
 .....((..((.((((((((((((........)))))))))))).).).))(((((((........)))))))..
75


Iteration 15


setting environment up
running sampling algorithm
beginning Burn in iterations

Centroid Structure
Length:
 23
Pairs:
 [(0, 74), (4, 50), (6, 49), (10, 45), (12, 43), (13, 42), (14, 41), (15, 40), (16, 39), (17, 38), (18, 37), (19, 36), (20, 35), (21, 34), (22, 33), (23, 31), (51, 72), (52, 71), (53, 70), (54, 69), (55, 68), (56, 67), (57, 66)]
Pairs:
 [0, 74, 4, 50, 6, 49, 10, 45, 12, 43, 13, 42, 14, 41, 15, 40, 16, 39, 17, 38, 18, 37, 19, 36, 20, 35, 21, 34, 22, 33, 23, 31, 51, 72, 52, 71, 53, 70, 54, 69, 55, 68, 56, 67, 57, 66]
Dot Bracket:
 (...(.(...(.((((((((((((.......).))))))))))).)...))(((((((........))))))).)
75


Iteration 16


setting environment up
running sampling algorithm
beginning Burn in iterations

Centroid Structure
Length:
 21
Pairs:
 [(6, 49), (10, 45), (12, 43), (13, 42), (14, 41), (15, 40), (16, 39), (17, 38), (18, 37), (19, 36), (20, 35), (21, 34), (22, 33), (23, 32), (51, 72), (52, 71), (53, 70), (54, 69), (55, 68), (56, 67), (57, 66)]
Pairs:
 [6, 49, 10, 45, 12, 43, 13, 42, 14, 41, 15, 40, 16, 39, 17, 38, 18, 37, 19, 36, 20, 35, 21, 34, 22, 33, 23, 32, 51, 72, 52, 71, 53, 70, 54, 69, 55, 68, 56, 67, 57, 66]
Dot Bracket:
 ......(...(.((((((((((((........)))))))))))).)...).(((((((........)))))))..
75


Iteration 17


setting environment up
running sampling algorithm
beginning Burn in iterations

Centroid Structure
Length:
 22
Pairs:
 [(4, 50), (6, 49), (10, 45), (12, 43), (13, 42), (14, 41), (15, 40), (16, 39), (17, 38), (18, 37), (19, 36), (20, 35), (21, 34), (22, 33), (23, 32), (51, 72), (52, 71), (53, 70), (54, 69), (55, 68), (56, 67), (57, 66)]
Pairs:
 [4, 50, 6, 49, 10, 45, 12, 43, 13, 42, 14, 41, 15, 40, 16, 39, 17, 38, 18, 37, 19, 36, 20, 35, 21, 34, 22, 33, 23, 32, 51, 72, 52, 71, 53, 70, 54, 69, 55, 68, 56, 67, 57, 66]
Dot Bracket:
 ....(.(...(.((((((((((((........)))))))))))).)...))(((((((........)))))))..
75


Iteration 18


setting environment up
running sampling algorithm
beginning Burn in iterations

Centroid Structure
Length:
 22
Pairs:
 [(5, 50), (6, 49), (12, 43), (13, 42), (14, 41), (15, 40), (16, 39), (17, 38), (18, 37), (19, 36), (20, 35), (21, 34), (22, 33), (23, 32), (25, 31), (51, 72), (52, 71), (53, 70), (54, 69), (55, 68), (56, 67), (57, 66)]
Pairs:
 [5, 50, 6, 49, 12, 43, 13, 42, 14, 41, 15, 40, 16, 39, 17, 38, 18, 37, 19, 36, 20, 35, 21, 34, 22, 33, 23, 32, 25, 31, 51, 72, 52, 71, 53, 70, 54, 69, 55, 68, 56, 67, 57, 66]
Dot Bracket:
 .....((.....((((((((((((.(.....))))))))))))).....))(((((((........)))))))..
75


Iteration 19


setting environment up
running sampling algorithm
beginning Burn in iterations

Centroid Structure
Length:
 24
Pairs:
 [(0, 74), (4, 50), (6, 49), (10, 45), (12, 43), (13, 42), (14, 41), (15, 40), (16, 39), (17, 38), (18, 37), (19, 36), (20, 35), (21, 34), (22, 33), (23, 31), (24, 30), (51, 72), (52, 71), (53, 70), (54, 69), (55, 68), (56, 67), (57, 66)]
Pairs:
 [0, 74, 4, 50, 6, 49, 10, 45, 12, 43, 13, 42, 14, 41, 15, 40, 16, 39, 17, 38, 18, 37, 19, 36, 20, 35, 21, 34, 22, 33, 23, 31, 24, 30, 51, 72, 52, 71, 53, 70, 54, 69, 55, 68, 56, 67, 57, 66]
Dot Bracket:
 (...(.(...(.(((((((((((((.....)).))))))))))).)...))(((((((........))))))).)
75
