Iteration 0

setting environment up
running sfold binary

Sfold Executable Code for Academic Users, Version 2.2-20110126
 Running partition function and statistical sampling module... done
 (general output in /home/chris/devtree/pseudoKnot_research/output/sfold.out)
 Running structure clustering module... done
 (general output in /home/chris/devtree/pseudoKnot_research/output/sclass.out)
Process completed. See output files in '/home/chris/devtree/pseudoKnot_research/output'.

running sampling algorithm
beginning Burn in iterations

Centroid Structure
Length:
 29
Pairs:
 [(0, 42), (1, 41), (3, 39), (4, 38), (5, 37), (6, 36), (7, 35), (9, 34), (10, 33), (11, 32), (14, 29), (15, 28), (16, 27), (17, 26), (18, 25), (44, 73), (45, 72), (46, 71), (47, 70), (48, 68), (49, 67), (50, 66), (51, 65), (52, 64), (53, 63), (54, 62), (55, 61), (56, 60), (76, 85)]
Pairs:
 [0, 42, 1, 41, 3, 39, 4, 38, 5, 37, 6, 36, 7, 35, 9, 34, 10, 33, 11, 32, 14, 29, 15, 28, 16, 27, 17, 26, 18, 25, 44, 73, 45, 72, 46, 71, 47, 70, 48, 68, 49, 67, 50, 66, 51, 65, 52, 64, 53, 63, 54, 62, 55, 61, 56, 60, 76, 85]
Dot Bracket:
 ((.(((((.(((..(((((......)))))..)))))))).)).(((((((((((((...))))))))).))))..(........)..
88


Iteration 1


setting environment up
running sampling algorithm
beginning Burn in iterations

Centroid Structure
Length:
 27
Pairs:
 [(2, 36), (3, 39), (7, 35), (9, 34), (10, 33), (11, 32), (12, 31), (14, 29), (15, 28), (16, 27), (17, 26), (18, 25), (37, 87), (38, 86), (44, 73), (45, 72), (46, 71), (47, 70), (48, 68), (49, 67), (50, 66), (51, 65), (52, 64), (53, 63), (54, 62), (55, 61), (56, 60)]
Pairs:
 [2, 36, 3, 39, 7, 35, 9, 34, 10, 33, 11, 32, 12, 31, 14, 29, 15, 28, 16, 27, 17, 26, 18, 25, 37, 87, 38, 86, 44, 73, 45, 72, 46, 71, 47, 70, 48, 68, 49, 67, 50, 66, 51, 65, 52, 64, 53, 63, 54, 62, 55, 61, 56, 60]
Dot Bracket:
 ..([...[.[[[[.[[[[[......]]]]].]]]]])((]....(((((((((((((...))))))))).))))............))
88


Iteration 2


setting environment up
running sampling algorithm
beginning Burn in iterations

Centroid Structure
Length:
 29
Pairs:
 [(0, 83), (3, 39), (4, 38), (5, 37), (6, 36), (7, 35), (9, 34), (10, 33), (11, 32), (12, 31), (14, 29), (15, 28), (16, 27), (17, 26), (18, 25), (41, 76), (44, 73), (45, 72), (46, 71), (47, 70), (48, 68), (49, 67), (50, 66), (51, 65), (52, 64), (53, 63), (54, 62), (55, 61), (56, 60)]
Pairs:
 [0, 83, 3, 39, 4, 38, 5, 37, 6, 36, 7, 35, 9, 34, 10, 33, 11, 32, 12, 31, 14, 29, 15, 28, 16, 27, 17, 26, 18, 25, 41, 76, 44, 73, 45, 72, 46, 71, 47, 70, 48, 68, 49, 67, 50, 66, 51, 65, 52, 64, 53, 63, 54, 62, 55, 61, 56, 60]
Dot Bracket:
 (..(((((.((((.(((((......))))).))))))))).(..(((((((((((((...))))))))).))))..)......)....
88


Iteration 3


setting environment up
running sampling algorithm
beginning Burn in iterations

Centroid Structure
Length:
 20
Pairs:
 [(0, 87), (5, 37), (13, 82), (15, 28), (16, 27), (23, 38), (26, 35), (44, 73), (45, 72), (46, 71), (47, 70), (48, 68), (49, 67), (50, 66), (51, 65), (52, 64), (53, 63), (54, 62), (55, 61), (56, 60)]
Pairs:
 [0, 87, 5, 37, 13, 82, 15, 28, 16, 27, 23, 38, 26, 35, 44, 73, 45, 72, 46, 71, 47, 70, 48, 68, 49, 67, 50, 66, 51, 65, 52, 64, 53, 63, 54, 62, 55, 61, 56, 60]
Dot Bracket:
 (....(.......[.[[......(..(]]......).)).....(((((((((((((...))))))))).))))........]....)
88


Iteration 4


setting environment up
running sampling algorithm
beginning Burn in iterations

Centroid Structure
Length:
 26
Pairs:
 [(3, 39), (4, 38), (5, 37), (6, 36), (7, 35), (9, 34), (10, 33), (11, 32), (14, 29), (15, 28), (16, 27), (17, 26), (18, 25), (44, 73), (45, 72), (46, 71), (47, 70), (48, 68), (49, 67), (50, 66), (51, 65), (52, 64), (53, 63), (54, 62), (55, 61), (56, 60)]
Pairs:
 [3, 39, 4, 38, 5, 37, 6, 36, 7, 35, 9, 34, 10, 33, 11, 32, 14, 29, 15, 28, 16, 27, 17, 26, 18, 25, 44, 73, 45, 72, 46, 71, 47, 70, 48, 68, 49, 67, 50, 66, 51, 65, 52, 64, 53, 63, 54, 62, 55, 61, 56, 60]
Dot Bracket:
 ...(((((.(((..(((((......)))))..))))))))....(((((((((((((...))))))))).))))..............
88


Iteration 5


setting environment up
running sampling algorithm
beginning Burn in iterations

Centroid Structure
Length:
 30
Pairs:
 [(0, 42), (1, 86), (2, 85), (4, 38), (5, 37), (6, 36), (7, 35), (9, 34), (10, 33), (11, 32), (12, 31), (14, 29), (15, 28), (16, 27), (17, 26), (18, 25), (40, 75), (44, 73), (45, 72), (46, 71), (47, 70), (48, 68), (49, 67), (50, 66), (51, 65), (52, 64), (53, 63), (54, 62), (55, 61), (56, 60)]
Pairs:
 [0, 42, 1, 86, 2, 85, 4, 38, 5, 37, 6, 36, 7, 35, 9, 34, 10, 33, 11, 32, 12, 31, 14, 29, 15, 28, 16, 27, 17, 26, 18, 25, 40, 75, 44, 73, 45, 72, 46, 71, 47, 70, 48, 68, 49, 67, 50, 66, 51, 65, 52, 64, 53, 63, 54, 62, 55, 61, 56, 60]
Dot Bracket:
 ([[.[[[[.[[[[.[[[[[......]]]]].]]]]]]]].[.).[[[[[[[[[[[[[...]]]]]]]]].]]]].].........]].
88


Iteration 6


setting environment up
running sampling algorithm
beginning Burn in iterations

Centroid Structure
Length:
 30
Pairs:
 [(0, 42), (1, 41), (3, 39), (4, 38), (5, 37), (6, 36), (7, 35), (9, 34), (10, 33), (11, 32), (13, 31), (14, 29), (15, 28), (16, 27), (17, 26), (18, 25), (44, 73), (46, 71), (47, 70), (48, 68), (49, 67), (50, 66), (51, 65), (52, 64), (53, 63), (54, 62), (55, 61), (56, 60), (72, 78), (81, 86)]
Pairs:
 [0, 42, 1, 41, 3, 39, 4, 38, 5, 37, 6, 36, 7, 35, 9, 34, 10, 33, 11, 32, 13, 31, 14, 29, 15, 28, 16, 27, 17, 26, 18, 25, 44, 73, 46, 71, 47, 70, 48, 68, 49, 67, 50, 66, 51, 65, 52, 64, 53, 63, 54, 62, 55, 61, 56, 60, 72, 78, 81, 86]
Dot Bracket:
 ((.(((((.(((.((((((......))))).))))))))).)).(.(((((((((((...))))))))).))[)....]..[....].
88


Iteration 7


setting environment up
running sampling algorithm
beginning Burn in iterations

Centroid Structure
Length:
 27
Pairs:
 [(0, 42), (1, 41), (3, 39), (4, 38), (5, 37), (6, 36), (9, 87), (10, 33), (11, 32), (12, 83), (13, 82), (14, 81), (15, 80), (26, 35), (27, 34), (44, 73), (45, 72), (46, 71), (47, 70), (48, 68), (49, 67), (50, 66), (51, 65), (52, 64), (53, 63), (54, 62), (55, 61)]
Pairs:
 [0, 42, 1, 41, 3, 39, 4, 38, 5, 37, 6, 36, 9, 87, 10, 33, 11, 32, 12, 83, 13, 82, 14, 81, 15, 80, 26, 35, 27, 34, 44, 73, 45, 72, 46, 71, 47, 70, 48, 68, 49, 67, 50, 66, 51, 65, 52, 64, 53, 63, 54, 62, 55, 61]
Dot Bracket:
 ((.((((..[[[([[[..........((....]])))))).)).((((((((((((.....)))))))).))))......]]])...]
88


Iteration 8


setting environment up
running sampling algorithm
beginning Burn in iterations

Centroid Structure
Length:
 26
Pairs:
 [(3, 39), (4, 38), (5, 37), (6, 36), (7, 35), (9, 34), (11, 32), (12, 83), (13, 82), (14, 81), (16, 27), (17, 26), (18, 25), (44, 73), (45, 72), (46, 71), (47, 70), (48, 68), (49, 67), (50, 66), (51, 65), (52, 64), (53, 63), (54, 62), (55, 61), (56, 60)]
Pairs:
 [3, 39, 4, 38, 5, 37, 6, 36, 7, 35, 9, 34, 11, 32, 12, 83, 13, 82, 14, 81, 16, 27, 17, 26, 18, 25, 44, 73, 45, 72, 46, 71, 47, 70, 48, 68, 49, 67, 50, 66, 51, 65, 52, 64, 53, 63, 54, 62, 55, 61, 56, 60]
Dot Bracket:
 ...(((((.(.([[[.[[[......]]]....).))))))....[[[[[[[[[[[[[...]]]]]]]]].]]]].......]]]....
88


Iteration 9


setting environment up
running sampling algorithm
beginning Burn in iterations

Centroid Structure
Length:
 27
Pairs:
 [(0, 42), (1, 41), (3, 39), (4, 38), (5, 37), (6, 36), (7, 35), (9, 34), (11, 32), (14, 29), (15, 28), (16, 27), (17, 26), (18, 25), (44, 73), (45, 72), (46, 71), (47, 70), (48, 68), (49, 67), (50, 66), (51, 65), (52, 64), (53, 63), (54, 62), (55, 61), (56, 60)]
Pairs:
 [0, 42, 1, 41, 3, 39, 4, 38, 5, 37, 6, 36, 7, 35, 9, 34, 11, 32, 14, 29, 15, 28, 16, 27, 17, 26, 18, 25, 44, 73, 45, 72, 46, 71, 47, 70, 48, 68, 49, 67, 50, 66, 51, 65, 52, 64, 53, 63, 54, 62, 55, 61, 56, 60]
Dot Bracket:
 ((.(((((.(.(..(((((......)))))..).)))))).)).(((((((((((((...))))))))).))))..............
88


Iteration 10


setting environment up
running sampling algorithm
beginning Burn in iterations

Centroid Structure
Length:
 26
Pairs:
 [(1, 41), (3, 39), (4, 38), (5, 37), (9, 34), (10, 33), (11, 32), (14, 29), (15, 28), (16, 27), (17, 26), (18, 25), (44, 73), (45, 72), (46, 71), (47, 70), (48, 68), (49, 67), (50, 66), (51, 65), (52, 64), (53, 63), (54, 62), (55, 61), (56, 60), (79, 87)]
Pairs:
 [1, 41, 3, 39, 4, 38, 5, 37, 9, 34, 10, 33, 11, 32, 14, 29, 15, 28, 16, 27, 17, 26, 18, 25, 44, 73, 45, 72, 46, 71, 47, 70, 48, 68, 49, 67, 50, 66, 51, 65, 52, 64, 53, 63, 54, 62, 55, 61, 56, 60, 79, 87]
Dot Bracket:
 .(.(((...(((..(((((......)))))..)))..))).)..(((((((((((((...))))))))).)))).....(.......)
88


Iteration 11


setting environment up
running sampling algorithm
beginning Burn in iterations

Centroid Structure
Length:
 28
Pairs:
 [(3, 39), (5, 37), (6, 36), (7, 35), (9, 34), (10, 33), (11, 32), (12, 83), (13, 82), (14, 81), (15, 80), (16, 27), (17, 26), (18, 40), (24, 38), (44, 73), (45, 72), (46, 71), (47, 70), (48, 68), (49, 67), (50, 66), (51, 65), (52, 64), (53, 63), (54, 62), (55, 61), (56, 60)]
Pairs:
 [3, 39, 5, 37, 6, 36, 7, 35, 9, 34, 10, 33, 11, 32, 12, 83, 13, 82, 14, 81, 15, 80, 16, 27, 17, 26, 18, 40, 24, 38, 44, 73, 45, 72, 46, 71, 47, 70, 48, 68, 49, 67, 50, 66, 51, 65, 52, 64, 53, 63, 54, 62, 55, 61, 56, 60]
Dot Bracket:
 ...(.(((.((([[[[[[(.....[.]]....))))))]))...(((((((((((((...))))))))).))))......]]]]....
88


Iteration 12


setting environment up
running sampling algorithm
beginning Burn in iterations

Centroid Structure
Length:
 28
Pairs:
 [(3, 39), (4, 38), (5, 37), (6, 36), (7, 35), (9, 34), (10, 33), (11, 32), (12, 31), (14, 29), (15, 28), (16, 27), (17, 26), (18, 25), (41, 74), (44, 73), (45, 72), (46, 71), (47, 70), (48, 68), (49, 67), (50, 66), (51, 65), (52, 64), (53, 63), (54, 62), (55, 61), (56, 60)]
Pairs:
 [3, 39, 4, 38, 5, 37, 6, 36, 7, 35, 9, 34, 10, 33, 11, 32, 12, 31, 14, 29, 15, 28, 16, 27, 17, 26, 18, 25, 41, 74, 44, 73, 45, 72, 46, 71, 47, 70, 48, 68, 49, 67, 50, 66, 51, 65, 52, 64, 53, 63, 54, 62, 55, 61, 56, 60]
Dot Bracket:
 ...(((((.((((.(((((......))))).))))))))).(..(((((((((((((...))))))))).))))).............
88


Iteration 13


setting environment up
running sampling algorithm
beginning Burn in iterations

Centroid Structure
Length:
 26
Pairs:
 [(0, 42), (1, 41), (2, 36), (4, 34), (7, 35), (10, 33), (11, 32), (12, 17), (14, 29), (16, 27), (22, 28), (39, 85), (40, 84), (44, 80), (45, 79), (46, 78), (47, 77), (48, 68), (49, 67), (50, 66), (51, 65), (52, 64), (53, 63), (54, 62), (55, 61), (81, 86)]
Pairs:
 [0, 42, 1, 41, 2, 36, 4, 34, 7, 35, 10, 33, 11, 32, 12, 17, 14, 29, 16, 27, 22, 28, 39, 85, 40, 84, 44, 80, 45, 79, 46, 78, 47, 77, 48, 68, 49, 67, 50, 66, 51, 65, 52, 64, 53, 63, 54, 62, 55, 61, 81, 86]
Dot Bracket:
 (((.(..[..[[[.(.(]....[....)])..]])])..[[)).[[[[[[[[[[[[.....]]]]]]]]........]]]](..]]).
88


Iteration 14


setting environment up
running sampling algorithm
beginning Burn in iterations

Centroid Structure
Length:
 24
Pairs:
 [(4, 38), (5, 37), (6, 36), (9, 34), (10, 33), (11, 32), (14, 29), (15, 28), (16, 27), (17, 26), (18, 25), (44, 73), (45, 72), (46, 71), (47, 70), (48, 68), (49, 67), (50, 66), (51, 65), (52, 64), (53, 63), (54, 62), (55, 61), (56, 60)]
Pairs:
 [4, 38, 5, 37, 6, 36, 9, 34, 10, 33, 11, 32, 14, 29, 15, 28, 16, 27, 17, 26, 18, 25, 44, 73, 45, 72, 46, 71, 47, 70, 48, 68, 49, 67, 50, 66, 51, 65, 52, 64, 53, 63, 54, 62, 55, 61, 56, 60]
Dot Bracket:
 ....(((..(((..(((((......)))))..))).))).....(((((((((((((...))))))))).))))..............
88


Iteration 15


setting environment up
running sampling algorithm
beginning Burn in iterations

Centroid Structure
Length:
 20
Pairs:
 [(7, 31), (12, 83), (13, 82), (14, 81), (15, 80), (16, 27), (28, 33), (37, 87), (44, 73), (45, 72), (46, 71), (47, 70), (48, 68), (49, 67), (50, 66), (51, 65), (52, 64), (53, 63), (54, 62), (55, 61)]
Pairs:
 [7, 31, 12, 83, 13, 82, 14, 81, 15, 80, 16, 27, 28, 33, 37, 87, 44, 73, 45, 72, 46, 71, 47, 70, 48, 68, 49, 67, 50, 66, 51, 65, 52, 64, 53, 63, 54, 62, 55, 61]
Dot Bracket:
 .......(....[[[[[..........][..).]...(......((((((((((((.....)))))))).))))......]]]]...)
88


Iteration 16


setting environment up
running sampling algorithm
beginning Burn in iterations

Centroid Structure
Length:
 28
Pairs:
 [(2, 85), (3, 39), (4, 38), (5, 37), (6, 36), (7, 35), (9, 34), (10, 33), (11, 32), (12, 31), (14, 29), (15, 28), (16, 27), (17, 26), (18, 25), (44, 73), (45, 72), (46, 71), (47, 70), (48, 68), (49, 67), (50, 66), (51, 65), (52, 64), (53, 63), (54, 62), (55, 61), (56, 60)]
Pairs:
 [2, 85, 3, 39, 4, 38, 5, 37, 6, 36, 7, 35, 9, 34, 10, 33, 11, 32, 12, 31, 14, 29, 15, 28, 16, 27, 17, 26, 18, 25, 44, 73, 45, 72, 46, 71, 47, 70, 48, 68, 49, 67, 50, 66, 51, 65, 52, 64, 53, 63, 54, 62, 55, 61, 56, 60]
Dot Bracket:
 ..((((((.((((.(((((......))))).)))))))))....(((((((((((((...))))))))).))))...........)..
88


Iteration 17


setting environment up
running sampling algorithm
beginning Burn in iterations

Centroid Structure
Length:
 29
Pairs:
 [(0, 42), (1, 41), (3, 39), (4, 34), (5, 33), (6, 36), (11, 30), (12, 31), (14, 29), (15, 28), (16, 27), (17, 26), (18, 25), (37, 87), (38, 86), (44, 73), (45, 72), (46, 71), (47, 70), (48, 68), (49, 67), (50, 66), (51, 65), (52, 64), (53, 63), (54, 62), (55, 61), (74, 84), (75, 82)]
Pairs:
 [0, 42, 1, 41, 3, 39, 4, 34, 5, 33, 6, 36, 11, 30, 12, 31, 14, 29, 15, 28, 16, 27, 17, 26, 18, 25, 37, 87, 38, 86, 44, 73, 45, 72, 46, 71, 47, 70, 48, 68, 49, 67, 50, 66, 51, 65, 52, 64, 53, 63, 54, 62, 55, 61, 74, 84, 75, 82]
Dot Bracket:
 ((.((([....[(.(((((......)))))]).)).][[).)).[[[[[[[[[[[[.....]]]]]]]].]]]][[......].].]]
88


Iteration 18


setting environment up
running sampling algorithm
beginning Burn in iterations

Centroid Structure
Length:
 30
Pairs:
 [(1, 41), (3, 39), (4, 38), (5, 37), (6, 36), (7, 35), (9, 34), (10, 33), (11, 32), (12, 31), (14, 29), (15, 28), (16, 27), (17, 26), (18, 25), (44, 73), (45, 72), (46, 71), (47, 70), (48, 68), (49, 67), (50, 66), (51, 65), (52, 64), (53, 63), (54, 62), (55, 61), (56, 60), (75, 80), (81, 85)]
Pairs:
 [1, 41, 3, 39, 4, 38, 5, 37, 6, 36, 7, 35, 9, 34, 10, 33, 11, 32, 12, 31, 14, 29, 15, 28, 16, 27, 17, 26, 18, 25, 44, 73, 45, 72, 46, 71, 47, 70, 48, 68, 49, 67, 50, 66, 51, 65, 52, 64, 53, 63, 54, 62, 55, 61, 56, 60, 75, 80, 81, 85]
Dot Bracket:
 .(.(((((.((((.(((((......))))).))))))))).)..(((((((((((((...))))))))).)))).(....)(...)..
88


Iteration 19


setting environment up
running sampling algorithm
beginning Burn in iterations

Centroid Structure
Length:
 30
Pairs:
 [(1, 41), (3, 39), (4, 38), (5, 37), (6, 36), (7, 35), (9, 34), (10, 33), (11, 32), (12, 31), (14, 29), (15, 28), (16, 27), (17, 26), (18, 25), (44, 73), (46, 71), (47, 70), (48, 68), (49, 67), (50, 66), (51, 65), (52, 64), (53, 63), (54, 62), (55, 61), (56, 60), (72, 78), (79, 87), (80, 86)]
Pairs:
 [1, 41, 3, 39, 4, 38, 5, 37, 6, 36, 7, 35, 9, 34, 10, 33, 11, 32, 12, 31, 14, 29, 15, 28, 16, 27, 17, 26, 18, 25, 44, 73, 46, 71, 47, 70, 48, 68, 49, 67, 50, 66, 51, 65, 52, 64, 53, 63, 54, 62, 55, 61, 56, 60, 72, 78, 79, 87, 80, 86]
Dot Bracket:
 .(.(((((.((((.(((((......))))).))))))))).)..(.(((((((((((...))))))))).))[)....][[.....]]
88
