Iteration 0

setting environment up
running sfold binary

Sfold Executable Code for Academic Users, Version 2.2-20110126
 Running partition function and statistical sampling module... done
 (general output in /home/chris/devtree/pseudoKnot_research/output/sfold.out)
 Running structure clustering module... done
 (general output in /home/chris/devtree/pseudoKnot_research/output/sclass.out)
Process completed. See output files in '/home/chris/devtree/pseudoKnot_research/output'.

running sampling algorithm
beginning Burn in iterations

Centroid Structure
Length:
 26
Pairs:
 [(9, 88), (10, 87), (11, 86), (12, 85), (14, 84), (15, 83), (16, 82), (17, 81), (18, 80), (20, 54), (21, 53), (22, 52), (23, 51), (24, 50), (25, 49), (31, 41), (33, 39), (34, 38), (42, 73), (43, 72), (48, 67), (57, 75), (58, 74), (62, 71), (63, 70), (64, 69)]
Pairs:
 [9, 88, 10, 87, 11, 86, 12, 85, 14, 84, 15, 83, 16, 82, 17, 81, 18, 80, 20, 54, 21, 53, 22, 52, 23, 51, 24, 50, 25, 49, 31, 41, 33, 39, 34, 38, 42, 73, 43, 72, 48, 67, 57, 75, 58, 74, 62, 71, 63, 70, 64, 69]
Dot Bracket:
 .........((((.(((((.((((((.....(.((...)).)[[....[))))))..((...(((..].)))]]))....)))))))))
89


Iteration 1


setting environment up
running sampling algorithm
beginning Burn in iterations

Centroid Structure
Length:
 26
Pairs:
 [(9, 88), (10, 87), (11, 86), (12, 85), (14, 84), (15, 83), (16, 82), (17, 81), (18, 80), (20, 54), (21, 53), (22, 52), (23, 51), (24, 50), (25, 49), (26, 47), (27, 46), (31, 41), (33, 39), (57, 75), (58, 74), (60, 73), (61, 72), (62, 71), (63, 70), (64, 69)]
Pairs:
 [9, 88, 10, 87, 11, 86, 12, 85, 14, 84, 15, 83, 16, 82, 17, 81, 18, 80, 20, 54, 21, 53, 22, 52, 23, 51, 24, 50, 25, 49, 26, 47, 27, 46, 31, 41, 33, 39, 57, 75, 58, 74, 60, 73, 61, 72, 62, 71, 63, 70, 64, 69]
Dot Bracket:
 .........((((.(((((.((((((((...(.(.....).)....)).))))))..((.(((((....)))))))....)))))))))
89


Iteration 2


setting environment up
running sampling algorithm
beginning Burn in iterations

Centroid Structure
Length:
 26
Pairs:
 [(9, 88), (10, 87), (11, 86), (12, 85), (14, 84), (15, 83), (16, 82), (17, 81), (18, 80), (20, 54), (21, 53), (22, 52), (23, 51), (24, 50), (26, 47), (27, 46), (31, 41), (32, 40), (33, 39), (57, 75), (58, 74), (60, 73), (61, 72), (62, 71), (63, 70), (64, 69)]
Pairs:
 [9, 88, 10, 87, 11, 86, 12, 85, 14, 84, 15, 83, 16, 82, 17, 81, 18, 80, 20, 54, 21, 53, 22, 52, 23, 51, 24, 50, 26, 47, 27, 46, 31, 41, 32, 40, 33, 39, 57, 75, 58, 74, 60, 73, 61, 72, 62, 71, 63, 70, 64, 69]
Dot Bracket:
 .........((((.(((((.(((((.((...(((.....)))....))..)))))..((.(((((....)))))))....)))))))))
89


Iteration 3


setting environment up
running sampling algorithm
beginning Burn in iterations

Centroid Structure
Length:
 23
Pairs:
 [(9, 88), (10, 87), (11, 86), (12, 85), (14, 84), (15, 83), (16, 82), (17, 81), (18, 80), (20, 54), (21, 53), (22, 52), (23, 51), (24, 50), (26, 47), (27, 46), (57, 75), (58, 74), (60, 73), (61, 72), (62, 71), (63, 70), (64, 69)]
Pairs:
 [9, 88, 10, 87, 11, 86, 12, 85, 14, 84, 15, 83, 16, 82, 17, 81, 18, 80, 20, 54, 21, 53, 22, 52, 23, 51, 24, 50, 26, 47, 27, 46, 57, 75, 58, 74, 60, 73, 61, 72, 62, 71, 63, 70, 64, 69]
Dot Bracket:
 .........((((.(((((.(((((.((..................))..)))))..((.(((((....)))))))....)))))))))
89


Iteration 4


setting environment up
running sampling algorithm
beginning Burn in iterations

Centroid Structure
Length:
 26
Pairs:
 [(9, 88), (10, 87), (11, 86), (12, 85), (14, 84), (15, 83), (18, 80), (20, 54), (21, 53), (22, 52), (23, 51), (24, 50), (25, 49), (26, 47), (27, 46), (30, 42), (31, 41), (32, 40), (33, 39), (57, 75), (58, 74), (60, 73), (61, 72), (62, 71), (63, 70), (64, 69)]
Pairs:
 [9, 88, 10, 87, 11, 86, 12, 85, 14, 84, 15, 83, 18, 80, 20, 54, 21, 53, 22, 52, 23, 51, 24, 50, 25, 49, 26, 47, 27, 46, 30, 42, 31, 41, 32, 40, 33, 39, 57, 75, 58, 74, 60, 73, 61, 72, 62, 71, 63, 70, 64, 69]
Dot Bracket:
 .........((((.((..(.((((((((..((((.....))))...)).))))))..((.(((((....)))))))....)..))))))
89


Iteration 5


setting environment up
running sampling algorithm
beginning Burn in iterations

Centroid Structure
Length:
 29
Pairs:
 [(9, 88), (10, 87), (11, 86), (12, 85), (14, 84), (15, 83), (16, 82), (17, 81), (18, 80), (20, 54), (21, 53), (22, 52), (23, 51), (24, 50), (25, 49), (26, 47), (27, 46), (30, 42), (31, 41), (32, 40), (33, 39), (34, 38), (57, 75), (58, 74), (60, 73), (61, 72), (62, 71), (63, 70), (64, 69)]
Pairs:
 [9, 88, 10, 87, 11, 86, 12, 85, 14, 84, 15, 83, 16, 82, 17, 81, 18, 80, 20, 54, 21, 53, 22, 52, 23, 51, 24, 50, 25, 49, 26, 47, 27, 46, 30, 42, 31, 41, 32, 40, 33, 39, 34, 38, 57, 75, 58, 74, 60, 73, 61, 72, 62, 71, 63, 70, 64, 69]
Dot Bracket:
 .........((((.(((((.((((((((..(((((...)))))...)).))))))..((.(((((....)))))))....)))))))))
89


Iteration 6


setting environment up
running sampling algorithm
beginning Burn in iterations

Centroid Structure
Length:
 29
Pairs:
 [(9, 88), (10, 87), (11, 86), (12, 85), (14, 84), (15, 83), (16, 82), (17, 81), (18, 80), (19, 31), (22, 52), (23, 51), (24, 50), (25, 49), (30, 42), (32, 40), (34, 38), (39, 76), (44, 71), (45, 70), (46, 69), (47, 68), (48, 67), (53, 64), (54, 63), (57, 75), (58, 74), (60, 73), (61, 72)]
Pairs:
 [9, 88, 10, 87, 11, 86, 12, 85, 14, 84, 15, 83, 16, 82, 17, 81, 18, 80, 19, 31, 22, 52, 23, 51, 24, 50, 25, 49, 30, 42, 32, 40, 34, 38, 39, 76, 44, 71, 45, 70, 46, 69, 47, 68, 48, 67, 53, 64, 54, 63, 57, 75, 58, 74, 60, 73, 61, 72]
Dot Bracket:
 .........((((.((((((..[[[[....[)[.[...](].].(((((]]]]((..[[.[[.))..)))))]]]])...)))))))))
89


Iteration 7


setting environment up
running sampling algorithm
beginning Burn in iterations

Centroid Structure
Length:
 26
Pairs:
 [(9, 88), (10, 87), (11, 86), (12, 85), (14, 84), (15, 83), (16, 82), (17, 81), (18, 80), (22, 52), (23, 51), (25, 48), (27, 46), (31, 41), (34, 38), (39, 76), (44, 71), (47, 68), (50, 66), (53, 64), (55, 62), (57, 75), (58, 74), (60, 73), (61, 72), (63, 70)]
Pairs:
 [9, 88, 10, 87, 11, 86, 12, 85, 14, 84, 15, 83, 16, 82, 17, 81, 18, 80, 22, 52, 23, 51, 25, 48, 27, 46, 31, 41, 34, 38, 39, 76, 44, 71, 47, 68, 50, 66, 53, 64, 55, 62, 57, 75, 58, 74, 60, 73, 61, 72, 63, 70]
Dot Bracket:
 .........((((.(((((...((.(.(...(..(...)[.)..[.)[).[))[.[.((.((](].].].)]))))]...)))))))))
89


Iteration 8


setting environment up
running sampling algorithm
beginning Burn in iterations

Centroid Structure
Length:
 26
Pairs:
 [(9, 88), (12, 85), (14, 84), (15, 83), (16, 82), (17, 81), (18, 80), (20, 54), (21, 53), (22, 52), (23, 51), (24, 50), (25, 49), (26, 47), (27, 46), (29, 45), (30, 42), (31, 41), (33, 39), (57, 75), (58, 74), (60, 73), (61, 72), (62, 71), (63, 70), (64, 69)]
Pairs:
 [9, 88, 12, 85, 14, 84, 15, 83, 16, 82, 17, 81, 18, 80, 20, 54, 21, 53, 22, 52, 23, 51, 24, 50, 25, 49, 26, 47, 27, 46, 29, 45, 30, 42, 31, 41, 33, 39, 57, 75, 58, 74, 60, 73, 61, 72, 62, 71, 63, 70, 64, 69]
Dot Bracket:
 .........(..(.(((((.((((((((.(((.(.....).))..))).))))))..((.(((((....)))))))....))))))..)
89


Iteration 9


setting environment up
running sampling algorithm
beginning Burn in iterations

Centroid Structure
Length:
 27
Pairs:
 [(9, 88), (10, 87), (11, 86), (12, 85), (14, 84), (15, 83), (16, 82), (17, 81), (18, 80), (20, 30), (21, 29), (22, 52), (25, 49), (31, 41), (32, 40), (38, 77), (39, 76), (42, 73), (43, 72), (44, 71), (45, 70), (46, 69), (47, 68), (48, 67), (50, 66), (53, 64), (55, 62)]
Pairs:
 [9, 88, 10, 87, 11, 86, 12, 85, 14, 84, 15, 83, 16, 82, 17, 81, 18, 80, 20, 30, 21, 29, 22, 52, 25, 49, 31, 41, 32, 40, 38, 77, 39, 76, 42, 73, 43, 72, 44, 71, 45, 70, 46, 69, 47, 68, 48, 67, 50, 66, 53, 64, 55, 62]
Dot Bracket:
 .........((((.(((((.(([..[...))[[.....((]](((((((](.](.(......).).))))))))..))..)))))))))
89


Iteration 10


setting environment up
running sampling algorithm
beginning Burn in iterations

Centroid Structure
Length:
 31
Pairs:
 [(9, 88), (10, 87), (11, 86), (12, 85), (14, 84), (15, 83), (16, 82), (17, 81), (18, 80), (20, 54), (21, 53), (22, 52), (23, 51), (24, 50), (25, 48), (26, 47), (27, 46), (29, 45), (30, 44), (31, 43), (32, 40), (33, 39), (34, 42), (36, 41), (57, 75), (58, 74), (60, 73), (61, 72), (62, 71), (63, 70), (64, 69)]
Pairs:
 [9, 88, 10, 87, 11, 86, 12, 85, 14, 84, 15, 83, 16, 82, 17, 81, 18, 80, 20, 54, 21, 53, 22, 52, 23, 51, 24, 50, 25, 48, 26, 47, 27, 46, 29, 45, 30, 44, 31, 43, 32, 40, 33, 39, 34, 42, 36, 41, 57, 75, 58, 74, 60, 73, 61, 72, 62, 71, 63, 70, 64, 69]
Dot Bracket:
 .........((((.(((((.((((((((.((((([.[..))]])))))).)))))..[[.[[[[[....]]]]]]]....)))))))))
89


Iteration 11


setting environment up
running sampling algorithm
beginning Burn in iterations

Centroid Structure
Length:
 26
Pairs:
 [(9, 88), (10, 87), (11, 86), (12, 85), (14, 84), (15, 83), (16, 82), (17, 81), (18, 80), (20, 54), (21, 53), (22, 52), (23, 51), (24, 50), (25, 49), (26, 47), (27, 46), (31, 43), (33, 39), (57, 75), (58, 74), (60, 73), (61, 72), (62, 71), (63, 70), (64, 69)]
Pairs:
 [9, 88, 10, 87, 11, 86, 12, 85, 14, 84, 15, 83, 16, 82, 17, 81, 18, 80, 20, 54, 21, 53, 22, 52, 23, 51, 24, 50, 25, 49, 26, 47, 27, 46, 31, 43, 33, 39, 57, 75, 58, 74, 60, 73, 61, 72, 62, 71, 63, 70, 64, 69]
Dot Bracket:
 .........((((.(((((.((((((((...(.(.....)...)..)).))))))..((.(((((....)))))))....)))))))))
89


Iteration 12


setting environment up
running sampling algorithm
beginning Burn in iterations

Centroid Structure
Length:
 28
Pairs:
 [(9, 88), (10, 87), (11, 86), (12, 85), (14, 84), (15, 83), (16, 82), (17, 81), (18, 80), (20, 54), (21, 53), (22, 52), (23, 51), (24, 50), (25, 48), (26, 47), (27, 46), (30, 42), (31, 41), (32, 40), (33, 39), (57, 75), (58, 74), (60, 73), (61, 72), (62, 71), (63, 70), (64, 69)]
Pairs:
 [9, 88, 10, 87, 11, 86, 12, 85, 14, 84, 15, 83, 16, 82, 17, 81, 18, 80, 20, 54, 21, 53, 22, 52, 23, 51, 24, 50, 25, 48, 26, 47, 27, 46, 30, 42, 31, 41, 32, 40, 33, 39, 57, 75, 58, 74, 60, 73, 61, 72, 62, 71, 63, 70, 64, 69]
Dot Bracket:
 .........((((.(((((.((((((((..((((.....))))...))).)))))..((.(((((....)))))))....)))))))))
89


Iteration 13


setting environment up
running sampling algorithm
beginning Burn in iterations

Centroid Structure
Length:
 30
Pairs:
 [(9, 88), (10, 87), (11, 86), (12, 85), (14, 84), (15, 83), (16, 82), (17, 81), (18, 80), (20, 54), (21, 53), (22, 52), (23, 51), (24, 50), (25, 49), (26, 47), (27, 46), (29, 45), (30, 42), (31, 41), (32, 40), (33, 39), (34, 38), (57, 75), (58, 74), (60, 73), (61, 72), (62, 71), (63, 70), (64, 69)]
Pairs:
 [9, 88, 10, 87, 11, 86, 12, 85, 14, 84, 15, 83, 16, 82, 17, 81, 18, 80, 20, 54, 21, 53, 22, 52, 23, 51, 24, 50, 25, 49, 26, 47, 27, 46, 29, 45, 30, 42, 31, 41, 32, 40, 33, 39, 34, 38, 57, 75, 58, 74, 60, 73, 61, 72, 62, 71, 63, 70, 64, 69]
Dot Bracket:
 .........((((.(((((.((((((((.((((((...)))))..))).))))))..((.(((((....)))))))....)))))))))
89


Iteration 14


setting environment up
running sampling algorithm
beginning Burn in iterations

Centroid Structure
Length:
 25
Pairs:
 [(5, 21), (9, 19), (10, 87), (11, 86), (12, 85), (14, 84), (15, 83), (16, 82), (17, 81), (18, 80), (22, 52), (23, 51), (24, 50), (26, 47), (32, 41), (37, 79), (38, 77), (39, 76), (42, 73), (45, 70), (57, 75), (58, 74), (61, 72), (62, 71), (64, 69)]
Pairs:
 [5, 21, 9, 19, 10, 87, 11, 86, 12, 85, 14, 84, 15, 83, 16, 82, 17, 81, 18, 80, 22, 52, 23, 51, 24, 50, 26, 47, 32, 41, 37, 79, 38, 77, 39, 76, 42, 73, 45, 70, 57, 75, 58, 74, 61, 72, 62, 71, 64, 69]
Dot Bracket:
 .....(...([[[.[[[[[).)[[[.[.....[....(((.](..(.]..]]]....[[..[[.[....])]])]])).)]]]]]]]].
89


Iteration 15


setting environment up
running sampling algorithm
beginning Burn in iterations

Centroid Structure
Length:
 29
Pairs:
 [(9, 88), (10, 87), (11, 86), (12, 85), (14, 84), (15, 83), (16, 82), (17, 81), (18, 80), (20, 54), (21, 53), (22, 52), (23, 51), (24, 50), (25, 48), (26, 47), (27, 46), (30, 42), (31, 41), (32, 40), (33, 39), (34, 38), (57, 75), (58, 74), (60, 73), (61, 72), (62, 71), (63, 70), (64, 69)]
Pairs:
 [9, 88, 10, 87, 11, 86, 12, 85, 14, 84, 15, 83, 16, 82, 17, 81, 18, 80, 20, 54, 21, 53, 22, 52, 23, 51, 24, 50, 25, 48, 26, 47, 27, 46, 30, 42, 31, 41, 32, 40, 33, 39, 34, 38, 57, 75, 58, 74, 60, 73, 61, 72, 62, 71, 63, 70, 64, 69]
Dot Bracket:
 .........((((.(((((.((((((((..(((((...)))))...))).)))))..((.(((((....)))))))....)))))))))
89


Iteration 16


setting environment up
running sampling algorithm
beginning Burn in iterations

Centroid Structure
Length:
 26
Pairs:
 [(9, 88), (10, 87), (11, 86), (12, 85), (14, 84), (15, 83), (16, 82), (17, 81), (18, 80), (21, 53), (22, 52), (23, 51), (25, 49), (26, 47), (31, 41), (32, 40), (33, 39), (38, 77), (44, 71), (46, 69), (48, 67), (50, 66), (55, 62), (60, 73), (61, 72), (63, 70)]
Pairs:
 [9, 88, 10, 87, 11, 86, 12, 85, 14, 84, 15, 83, 16, 82, 17, 81, 18, 80, 21, 53, 22, 52, 23, 51, 25, 49, 26, 47, 31, 41, 32, 40, 33, 39, 38, 77, 44, 71, 46, 69, 48, 67, 50, 66, 55, 62, 60, 73, 61, 72, 63, 70]
Dot Bracket:
 .........((((.(((((..(((.((....(((....[)))..[.[)[)[))).[....((](..]].])]))...]..)))))))))
89


Iteration 17


setting environment up
running sampling algorithm
beginning Burn in iterations

Centroid Structure
Length:
 28
Pairs:
 [(9, 88), (10, 87), (11, 86), (12, 85), (14, 84), (15, 83), (16, 82), (17, 81), (18, 80), (19, 31), (20, 54), (21, 29), (22, 52), (23, 27), (24, 50), (25, 48), (30, 42), (33, 39), (38, 77), (40, 75), (43, 72), (44, 71), (45, 70), (46, 69), (47, 68), (53, 64), (55, 62), (60, 73)]
Pairs:
 [9, 88, 10, 87, 11, 86, 12, 85, 14, 84, 15, 83, 16, 82, 17, 81, 18, 80, 19, 31, 20, 54, 21, 29, 22, 52, 23, 27, 24, 50, 25, 48, 30, 42, 33, 39, 38, 77, 40, 75, 43, 72, 44, 71, 45, 70, 46, 69, 47, 68, 53, 64, 55, 62, 60, 73]
Dot Bracket:
 .........((((.(((((([[(([[.).][).[....(][.][[[[[].].)(](....[.).)...]]]]]].].)..)))))))))
89


Iteration 18


setting environment up
running sampling algorithm
beginning Burn in iterations

Centroid Structure
Length:
 28
Pairs:
 [(9, 88), (10, 87), (11, 86), (12, 85), (14, 84), (15, 83), (16, 82), (17, 81), (18, 80), (20, 54), (21, 53), (22, 52), (23, 51), (24, 50), (25, 49), (26, 47), (27, 46), (31, 41), (32, 40), (33, 39), (34, 38), (57, 75), (58, 74), (60, 73), (61, 72), (62, 71), (63, 70), (64, 69)]
Pairs:
 [9, 88, 10, 87, 11, 86, 12, 85, 14, 84, 15, 83, 16, 82, 17, 81, 18, 80, 20, 54, 21, 53, 22, 52, 23, 51, 24, 50, 25, 49, 26, 47, 27, 46, 31, 41, 32, 40, 33, 39, 34, 38, 57, 75, 58, 74, 60, 73, 61, 72, 62, 71, 63, 70, 64, 69]
Dot Bracket:
 .........((((.(((((.((((((((...((((...))))....)).))))))..((.(((((....)))))))....)))))))))
89


Iteration 19


setting environment up
running sampling algorithm
beginning Burn in iterations

Centroid Structure
Length:
 28
Pairs:
 [(9, 88), (10, 87), (11, 86), (12, 85), (14, 84), (15, 83), (16, 82), (17, 81), (18, 80), (20, 54), (21, 53), (22, 52), (23, 51), (24, 50), (25, 49), (26, 47), (27, 46), (30, 42), (31, 41), (32, 40), (33, 39), (57, 75), (58, 74), (60, 73), (61, 72), (62, 71), (63, 70), (64, 69)]
Pairs:
 [9, 88, 10, 87, 11, 86, 12, 85, 14, 84, 15, 83, 16, 82, 17, 81, 18, 80, 20, 54, 21, 53, 22, 52, 23, 51, 24, 50, 25, 49, 26, 47, 27, 46, 30, 42, 31, 41, 32, 40, 33, 39, 57, 75, 58, 74, 60, 73, 61, 72, 62, 71, 63, 70, 64, 69]
Dot Bracket:
 .........((((.(((((.((((((((..((((.....))))...)).))))))..((.(((((....)))))))....)))))))))
89
