Iteration 0

setting environment up
running sfold binary

Sfold Executable Code for Academic Users, Version 2.2-20110126
 Running partition function and statistical sampling module... done
 (general output in /home/chris/devtree/pseudoKnot_research/output/sfold.out)
 Running structure clustering module... done
 (general output in /home/chris/devtree/pseudoKnot_research/output/sclass.out)
Process completed. See output files in '/home/chris/devtree/pseudoKnot_research/output'.

running sampling algorithm
beginning Burn in iterations

Centroid Structure
Length:
 22
Pairs:
 [(1, 69), (2, 68), (3, 67), (4, 66), (5, 65), (6, 64), (7, 63), (8, 62), (10, 59), (18, 54), (19, 53), (20, 52), (21, 51), (22, 50), (23, 49), (24, 48), (25, 47), (26, 46), (29, 43), (32, 40), (71, 78), (72, 77)]
Pairs:
 [1, 69, 2, 68, 3, 67, 4, 66, 5, 65, 6, 64, 7, 63, 8, 62, 10, 59, 18, 54, 19, 53, 20, 52, 21, 51, 22, 50, 23, 49, 24, 48, 25, 47, 26, 46, 29, 43, 32, 40, 71, 78, 72, 77]
Dot Bracket:
 .((((((((.(.......(((((((((..(..(.......)..)..)))))))))....)..)))))))).((....))..
81


Iteration 1


setting environment up
running sampling algorithm
beginning Burn in iterations

Centroid Structure
Length:
 24
Pairs:
 [(2, 68), (3, 67), (5, 66), (6, 64), (8, 62), (9, 63), (11, 61), (13, 59), (16, 57), (17, 55), (18, 54), (19, 53), (20, 52), (21, 51), (22, 50), (23, 49), (24, 48), (25, 47), (27, 46), (29, 43), (31, 41), (32, 40), (33, 39), (34, 38)]
Pairs:
 [2, 68, 3, 67, 5, 66, 6, 64, 8, 62, 9, 63, 11, 61, 13, 59, 16, 57, 17, 55, 18, 54, 19, 53, 20, 52, 21, 51, 22, 50, 23, 49, 24, 48, 25, 47, 27, 46, 29, 43, 31, 41, 32, 40, 33, 39, 34, 38]
Dot Bracket:
 ..((.((.([.[.[..[[[[[[[[[[.[.[.[[[[...]]]].]..]]]]]]]]]].].].])]).)))............
81


Iteration 2


setting environment up
running sampling algorithm
beginning Burn in iterations

Centroid Structure
Length:
 18
Pairs:
 [(1, 69), (2, 68), (3, 67), (4, 66), (5, 65), (6, 64), (7, 63), (8, 62), (17, 55), (18, 54), (19, 53), (20, 52), (21, 51), (22, 50), (23, 49), (24, 48), (25, 47), (26, 46)]
Pairs:
 [1, 69, 2, 68, 3, 67, 4, 66, 5, 65, 6, 64, 7, 63, 8, 62, 17, 55, 18, 54, 19, 53, 20, 52, 21, 51, 22, 50, 23, 49, 24, 48, 25, 47, 26, 46]
Dot Bracket:
 .((((((((........((((((((((...................))))))))))......))))))))...........
81


Iteration 3


setting environment up
running sampling algorithm
beginning Burn in iterations

Centroid Structure
Length:
 19
Pairs:
 [(1, 69), (2, 68), (3, 67), (4, 66), (5, 65), (6, 64), (7, 63), (8, 62), (9, 61), (18, 54), (19, 53), (20, 52), (22, 50), (23, 49), (24, 48), (25, 47), (31, 41), (32, 40), (33, 39)]
Pairs:
 [1, 69, 2, 68, 3, 67, 4, 66, 5, 65, 6, 64, 7, 63, 8, 62, 9, 61, 18, 54, 19, 53, 20, 52, 22, 50, 23, 49, 24, 48, 25, 47, 31, 41, 32, 40, 33, 39]
Dot Bracket:
 .(((((((((........(((.((((.....(((.....))).....)))).)))......)))))))))...........
81


Iteration 4


setting environment up
running sampling algorithm
beginning Burn in iterations

Centroid Structure
Length:
 18
Pairs:
 [(1, 69), (2, 68), (3, 67), (4, 66), (5, 65), (6, 64), (7, 63), (8, 62), (16, 57), (19, 53), (22, 50), (23, 49), (24, 48), (25, 47), (26, 46), (32, 40), (33, 39), (72, 77)]
Pairs:
 [1, 69, 2, 68, 3, 67, 4, 66, 5, 65, 6, 64, 7, 63, 8, 62, 16, 57, 19, 53, 22, 50, 23, 49, 24, 48, 25, 47, 26, 46, 32, 40, 33, 39, 72, 77]
Dot Bracket:
 .((((((((.......(..(..(((((.....((.....)).....)))))..)...)....))))))))..(....)...
81


Iteration 5


setting environment up
running sampling algorithm
beginning Burn in iterations

Centroid Structure
Length:
 22
Pairs:
 [(1, 69), (2, 68), (3, 67), (4, 66), (5, 65), (6, 64), (7, 63), (8, 62), (9, 61), (13, 59), (17, 55), (18, 54), (19, 53), (20, 52), (21, 51), (22, 50), (23, 49), (24, 48), (25, 47), (29, 43), (33, 39), (72, 77)]
Pairs:
 [1, 69, 2, 68, 3, 67, 4, 66, 5, 65, 6, 64, 7, 63, 8, 62, 9, 61, 13, 59, 17, 55, 18, 54, 19, 53, 20, 52, 21, 51, 22, 50, 23, 49, 24, 48, 25, 47, 29, 43, 33, 39, 72, 77]
Dot Bracket:
 .(((((((((...(...(((((((((...(...(.....)...)...)))))))))...).)))))))))..(....)...
81


Iteration 6


setting environment up
running sampling algorithm
beginning Burn in iterations

Centroid Structure
Length:
 22
Pairs:
 [(2, 68), (3, 67), (4, 66), (5, 65), (6, 64), (7, 63), (8, 62), (9, 60), (10, 59), (17, 55), (18, 54), (19, 53), (20, 37), (21, 35), (22, 50), (23, 33), (31, 41), (32, 40), (44, 52), (45, 51), (71, 78), (72, 77)]
Pairs:
 [2, 68, 3, 67, 4, 66, 5, 65, 6, 64, 7, 63, 8, 62, 9, 60, 10, 59, 17, 55, 18, 54, 19, 53, 20, 37, 21, 35, 22, 50, 23, 33, 31, 41, 32, 40, 44, 52, 45, 51, 71, 78, 72, 77]
Dot Bracket:
 ..(((((((((......((((([[.......([].).)..])..((....])))))...)).)))))))..((....))..
81


Iteration 7


setting environment up
running sampling algorithm
beginning Burn in iterations

Centroid Structure
Length:
 22
Pairs:
 [(1, 69), (2, 68), (3, 67), (4, 66), (5, 65), (6, 64), (7, 63), (8, 62), (10, 59), (17, 55), (18, 54), (19, 53), (20, 52), (21, 51), (22, 50), (23, 49), (24, 48), (25, 47), (26, 46), (29, 43), (32, 40), (72, 77)]
Pairs:
 [1, 69, 2, 68, 3, 67, 4, 66, 5, 65, 6, 64, 7, 63, 8, 62, 10, 59, 17, 55, 18, 54, 19, 53, 20, 52, 21, 51, 22, 50, 23, 49, 24, 48, 25, 47, 26, 46, 29, 43, 32, 40, 72, 77]
Dot Bracket:
 .((((((((.(......((((((((((..(..(.......)..)..))))))))))...)..))))))))..(....)...
81


Iteration 8


setting environment up
running sampling algorithm
beginning Burn in iterations

Centroid Structure
Length:
 24
Pairs:
 [(1, 69), (2, 68), (3, 67), (4, 66), (5, 65), (6, 64), (7, 63), (8, 62), (9, 61), (12, 58), (16, 57), (17, 55), (18, 54), (19, 53), (20, 52), (21, 51), (22, 50), (23, 49), (24, 48), (25, 47), (26, 46), (31, 41), (32, 40), (33, 39)]
Pairs:
 [1, 69, 2, 68, 3, 67, 4, 66, 5, 65, 6, 64, 7, 63, 8, 62, 9, 61, 12, 58, 16, 57, 17, 55, 18, 54, 19, 53, 20, 52, 21, 51, 22, 50, 23, 49, 24, 48, 25, 47, 26, 46, 31, 41, 32, 40, 33, 39]
Dot Bracket:
 .(((((((((..(...(((((((((((....(((.....)))....)))))))))).))..)))))))))...........
81


Iteration 9


setting environment up
running sampling algorithm
beginning Burn in iterations

Centroid Structure
Length:
 21
Pairs:
 [(3, 67), (4, 68), (8, 64), (9, 60), (10, 62), (13, 56), (17, 55), (18, 54), (19, 53), (20, 52), (21, 51), (22, 50), (23, 49), (24, 48), (25, 47), (26, 46), (29, 43), (31, 41), (32, 40), (33, 39), (70, 78)]
Pairs:
 [3, 67, 4, 68, 8, 64, 9, 60, 10, 62, 13, 56, 17, 55, 18, 54, 19, 53, 20, 52, 21, 51, 22, 50, 23, 49, 24, 48, 25, 47, 26, 46, 29, 43, 31, 41, 32, 40, 33, 39, 70, 78]
Dot Bracket:
 ...([...[[(..(...((((((((((..(.(((.....))).)..)))))))))))...].).]..)].(.......)..
81


Iteration 10


setting environment up
running sampling algorithm
beginning Burn in iterations

Centroid Structure
Length:
 23
Pairs:
 [(1, 69), (2, 68), (3, 67), (4, 66), (5, 65), (6, 64), (7, 63), (9, 61), (11, 60), (16, 57), (17, 55), (18, 54), (19, 53), (20, 52), (21, 51), (22, 50), (23, 49), (24, 48), (25, 47), (26, 46), (32, 40), (33, 39), (72, 77)]
Pairs:
 [1, 69, 2, 68, 3, 67, 4, 66, 5, 65, 6, 64, 7, 63, 9, 61, 11, 60, 16, 57, 17, 55, 18, 54, 19, 53, 20, 52, 21, 51, 22, 50, 23, 49, 24, 48, 25, 47, 26, 46, 32, 40, 33, 39, 72, 77]
Dot Bracket:
 .(((((((.(.(....(((((((((((.....((.....)).....)))))))))).)..)).)))))))..(....)...
81


Iteration 11


setting environment up
running sampling algorithm
beginning Burn in iterations

Centroid Structure
Length:
 23
Pairs:
 [(1, 69), (2, 68), (4, 66), (6, 64), (9, 63), (10, 62), (13, 59), (17, 55), (18, 54), (19, 53), (20, 52), (21, 51), (22, 50), (23, 49), (24, 48), (25, 47), (26, 46), (29, 43), (31, 41), (32, 40), (34, 39), (71, 78), (72, 77)]
Pairs:
 [1, 69, 2, 68, 4, 66, 6, 64, 9, 63, 10, 62, 13, 59, 17, 55, 18, 54, 19, 53, 20, 52, 21, 51, 22, 50, 23, 49, 24, 48, 25, 47, 26, 46, 29, 43, 31, 41, 32, 40, 34, 39, 71, 78, 72, 77]
Dot Bracket:
 .((.(.(..((..(...((((((((((..(.((.(....))).)..))))))))))...)..))).).)).((....))..
81


Iteration 12


setting environment up
running sampling algorithm
beginning Burn in iterations

Centroid Structure
Length:
 23
Pairs:
 [(1, 69), (2, 68), (3, 67), (4, 66), (5, 65), (6, 64), (7, 63), (8, 62), (9, 61), (13, 59), (17, 55), (18, 54), (19, 53), (20, 52), (21, 51), (22, 50), (23, 49), (24, 48), (25, 47), (26, 46), (32, 40), (33, 39), (34, 38)]
Pairs:
 [1, 69, 2, 68, 3, 67, 4, 66, 5, 65, 6, 64, 7, 63, 8, 62, 9, 61, 13, 59, 17, 55, 18, 54, 19, 53, 20, 52, 21, 51, 22, 50, 23, 49, 24, 48, 25, 47, 26, 46, 32, 40, 33, 39, 34, 38]
Dot Bracket:
 .(((((((((...(...((((((((((.....(((...))).....))))))))))...).)))))))))...........
81


Iteration 13


setting environment up
running sampling algorithm
beginning Burn in iterations

Centroid Structure
Length:
 26
Pairs:
 [(1, 69), (2, 68), (3, 67), (4, 66), (5, 65), (6, 64), (7, 63), (8, 62), (9, 61), (10, 59), (11, 60), (16, 57), (17, 55), (18, 54), (19, 53), (20, 52), (21, 51), (22, 50), (23, 49), (24, 48), (25, 47), (27, 46), (29, 43), (32, 40), (33, 39), (34, 38)]
Pairs:
 [1, 69, 2, 68, 3, 67, 4, 66, 5, 65, 6, 64, 7, 63, 8, 62, 9, 61, 10, 59, 11, 60, 16, 57, 17, 55, 18, 54, 19, 53, 20, 52, 21, 51, 22, 50, 23, 49, 24, 48, 25, 47, 27, 46, 29, 43, 32, 40, 33, 39, 34, 38]
Dot Bracket:
 .(((((((((([....[[[[[[[[[[.[.[..[[[...]]]..]..]]]]]]]]]].].)])))))))))...........
81


Iteration 14


setting environment up
running sampling algorithm
beginning Burn in iterations

Centroid Structure
Length:
 24
Pairs:
 [(2, 68), (3, 67), (4, 66), (5, 65), (6, 64), (7, 63), (8, 62), (9, 60), (10, 59), (13, 56), (16, 57), (17, 55), (18, 54), (19, 53), (20, 52), (21, 51), (22, 50), (23, 49), (24, 48), (25, 47), (26, 46), (32, 40), (33, 39), (34, 38)]
Pairs:
 [2, 68, 3, 67, 4, 66, 5, 65, 6, 64, 7, 63, 8, 62, 9, 60, 10, 59, 13, 56, 16, 57, 17, 55, 18, 54, 19, 53, 20, 52, 21, 51, 22, 50, 23, 49, 24, 48, 25, 47, 26, 46, 32, 40, 33, 39, 34, 38]
Dot Bracket:
 ..(((((((((..(..[[[[[[[[[[[.....[[[...]]].....]]]]]]]]]])].)).)))))))............
81


Iteration 15


setting environment up
running sampling algorithm
beginning Burn in iterations

Centroid Structure
Length:
 25
Pairs:
 [(1, 69), (2, 68), (3, 67), (4, 66), (5, 65), (6, 64), (7, 63), (8, 62), (9, 60), (10, 59), (11, 57), (12, 55), (18, 54), (19, 53), (20, 52), (21, 36), (22, 50), (23, 33), (24, 48), (25, 47), (26, 46), (32, 41), (34, 39), (71, 78), (72, 77)]
Pairs:
 [1, 69, 2, 68, 3, 67, 4, 66, 5, 65, 6, 64, 7, 63, 8, 62, 9, 60, 10, 59, 11, 57, 12, 55, 18, 54, 19, 53, 20, 52, 21, 36, 22, 50, 23, 33, 24, 48, 25, 47, 26, 46, 32, 41, 34, 39, 71, 78, 72, 77]
Dot Bracket:
 .((((((((((((.....(((([[([[.....[][.)..].]....]]).].)))).).)).)))))))).[[....]]..
81


Iteration 16


setting environment up
running sampling algorithm
beginning Burn in iterations

Centroid Structure
Length:
 21
Pairs:
 [(1, 69), (2, 68), (3, 67), (4, 66), (5, 65), (6, 64), (7, 63), (8, 62), (9, 61), (11, 60), (13, 22), (18, 54), (19, 53), (20, 52), (23, 49), (25, 56), (26, 55), (29, 51), (30, 50), (32, 48), (72, 77)]
Pairs:
 [1, 69, 2, 68, 3, 67, 4, 66, 5, 65, 6, 64, 7, 63, 8, 62, 9, 61, 11, 60, 13, 22, 18, 54, 19, 53, 20, 52, 23, 49, 25, 56, 26, 55, 29, 51, 30, 50, 32, 48, 72, 77]
Dot Bracket:
 .(((((((((.(.(....[[[.)[.((..((.(...............)]))]]]))...))))))))))..(....)...
81


Iteration 17


setting environment up
running sampling algorithm
beginning Burn in iterations

Centroid Structure
Length:
 27
Pairs:
 [(1, 69), (2, 68), (3, 67), (4, 66), (5, 65), (6, 64), (7, 63), (8, 62), (9, 61), (11, 60), (13, 59), (16, 57), (17, 55), (18, 54), (19, 53), (20, 52), (21, 51), (22, 50), (23, 49), (24, 48), (25, 47), (27, 46), (29, 43), (31, 41), (32, 40), (33, 39), (34, 38)]
Pairs:
 [1, 69, 2, 68, 3, 67, 4, 66, 5, 65, 6, 64, 7, 63, 8, 62, 9, 61, 11, 60, 13, 59, 16, 57, 17, 55, 18, 54, 19, 53, 20, 52, 21, 51, 22, 50, 23, 49, 24, 48, 25, 47, 27, 46, 29, 43, 31, 41, 32, 40, 33, 39, 34, 38]
Dot Bracket:
 .(((((((((.(.(..((((((((((.(.(.((((...)))).)..)))))))))).).)))))))))))...........
81


Iteration 18


setting environment up
running sampling algorithm
beginning Burn in iterations

Centroid Structure
Length:
 26
Pairs:
 [(1, 69), (2, 68), (3, 67), (4, 66), (5, 65), (6, 64), (7, 63), (8, 62), (9, 61), (11, 60), (12, 58), (13, 59), (16, 57), (17, 55), (18, 54), (19, 53), (20, 52), (21, 51), (22, 50), (23, 49), (24, 48), (25, 47), (27, 46), (32, 40), (33, 39), (34, 38)]
Pairs:
 [1, 69, 2, 68, 3, 67, 4, 66, 5, 65, 6, 64, 7, 63, 8, 62, 9, 61, 11, 60, 12, 58, 13, 59, 16, 57, 17, 55, 18, 54, 19, 53, 20, 52, 21, 51, 22, 50, 23, 49, 24, 48, 25, 47, 27, 46, 32, 40, 33, 39, 34, 38]
Dot Bracket:
 .(((((((((.(([..[[[[[[[[[[.[....[[[...]]].....]]]]]]]]]].])]))))))))))...........
81


Iteration 19


setting environment up
running sampling algorithm
beginning Burn in iterations

Centroid Structure
Length:
 24
Pairs:
 [(1, 69), (2, 68), (3, 67), (4, 66), (7, 63), (8, 64), (10, 62), (11, 61), (16, 57), (17, 55), (18, 54), (19, 53), (20, 52), (21, 51), (22, 50), (23, 49), (24, 48), (25, 47), (26, 46), (29, 43), (31, 41), (32, 40), (33, 39), (34, 38)]
Pairs:
 [1, 69, 2, 68, 3, 67, 4, 66, 7, 63, 8, 64, 10, 62, 11, 61, 16, 57, 17, 55, 18, 54, 19, 53, 20, 52, 21, 51, 22, 50, 23, 49, 24, 48, 25, 47, 26, 46, 29, 43, 31, 41, 32, 40, 33, 39, 34, 38]
Dot Bracket:
 .((((..([.[[....[[[[[[[[[[[..[.[[[[...]]]].]..]]]]]]]]]].]...]])].))))...........
81
