Iteration 0

setting environment up
running sfold binary

Sfold Executable Code for Academic Users, Version 2.2-20110126
 Running partition function and statistical sampling module... done
 (general output in /home/chris/devtree/pseudoKnot_research/output/sfold.out)
 Running structure clustering module... done
 (general output in /home/chris/devtree/pseudoKnot_research/output/sclass.out)
Process completed. See output files in '/home/chris/devtree/pseudoKnot_research/output'.

running sampling algorithm
beginning Burn in iterations

Centroid Structure
Length:
 40
Pairs:
 [(6, 119), (7, 118), (9, 23), (10, 22), (11, 21), (12, 20), (17, 114), (18, 113), (25, 105), (26, 104), (27, 103), (28, 102), (31, 100), (33, 115), (35, 96), (36, 111), (37, 110), (40, 92), (41, 67), (42, 66), (43, 65), (46, 62), (47, 85), (48, 64), (49, 63), (51, 61), (52, 60), (53, 59), (54, 58), (71, 109), (72, 78), (73, 107), (74, 106), (79, 101), (80, 99), (81, 98), (82, 97), (84, 95), (87, 94), (88, 93)]
Pairs:
 [6, 119, 7, 118, 9, 23, 10, 22, 11, 21, 12, 20, 17, 114, 18, 113, 25, 105, 26, 104, 27, 103, 28, 102, 31, 100, 33, 115, 35, 96, 36, 111, 37, 110, 40, 92, 41, 67, 42, 66, 43, 65, 46, 62, 47, 85, 48, 64, 49, 63, 51, 61, 52, 60, 53, 59, 54, 58, 71, 109, 72, 78, 73, 107, 74, 106, 79, 101, 80, 99, 81, 98, 82, 97, 84, 95, 87, 94, 88, 93]
Dot Bracket:
 ......((.((((....[[.)))).[[[[..[.(.([[..((((..([[[.[[[[...]]]])]])))...(([[...)[[[[.[].[[...)]]])]]]]]]]]]]].)]].]])..))
120


Iteration 1


setting environment up
running sampling algorithm
beginning Burn in iterations

Centroid Structure
Length:
 35
Pairs:
 [(14, 119), (15, 118), (16, 117), (17, 116), (18, 115), (19, 113), (20, 112), (21, 111), (24, 106), (25, 105), (26, 104), (27, 103), (31, 102), (32, 99), (33, 100), (36, 97), (37, 96), (39, 92), (41, 91), (42, 90), (43, 89), (44, 88), (45, 87), (46, 86), (48, 64), (51, 61), (52, 60), (53, 59), (54, 58), (62, 80), (63, 79), (65, 75), (66, 74), (67, 73), (72, 78)]
Pairs:
 [14, 119, 15, 118, 16, 117, 17, 116, 18, 115, 19, 113, 20, 112, 21, 111, 24, 106, 25, 105, 26, 104, 27, 103, 31, 102, 32, 99, 33, 100, 36, 97, 37, 96, 39, 92, 41, 91, 42, 90, 43, 89, 44, 88, 45, 87, 46, 86, 48, 64, 51, 61, 52, 60, 53, 59, 54, 58, 62, 80, 63, 79, 65, 75, 66, 74, 67, 73, 72, 78]
Dot Bracket:
 ..............((((((((..((((...(([..[[.[.[[[[[[.[..[[[[...]]]]((](((....[)))..])).....]]]]]]]...]].)].)))))....))).)))))
120


Iteration 2


setting environment up
running sampling algorithm
beginning Burn in iterations

Centroid Structure
Length:
 39
Pairs:
 [(7, 118), (9, 116), (10, 115), (14, 119), (16, 117), (19, 113), (20, 111), (21, 110), (22, 109), (24, 106), (25, 105), (26, 104), (27, 103), (31, 100), (32, 99), (33, 98), (34, 97), (35, 96), (37, 93), (39, 92), (41, 91), (42, 90), (45, 87), (47, 85), (48, 64), (49, 63), (50, 84), (51, 61), (52, 60), (53, 59), (54, 58), (56, 74), (66, 89), (67, 88), (69, 86), (70, 80), (71, 79), (72, 78), (73, 77)]
Pairs:
 [7, 118, 9, 116, 10, 115, 14, 119, 16, 117, 19, 113, 20, 111, 21, 110, 22, 109, 24, 106, 25, 105, 26, 104, 27, 103, 31, 100, 32, 99, 33, 98, 34, 97, 35, 96, 37, 93, 39, 92, 41, 91, 42, 90, 45, 87, 47, 85, 48, 64, 49, 63, 50, 84, 51, 61, 52, 60, 53, 59, 54, 58, 56, 74, 66, 89, 67, 88, 69, 86, 70, 80, 71, 79, 72, 78, 73, 77]
Dot Bracket:
 .......(.((...[.[..[[[[.[[[[...[[[[[.[.[.[[..[.[[[(((((.[.)))).]].[[.[[[[[]..]]]]...)]]]]]]]]]..]]]]]..]]]]..]]].].))])]
120


Iteration 3


setting environment up
running sampling algorithm
beginning Burn in iterations

Centroid Structure
Length:
 23
Pairs:
 [(16, 117), (17, 116), (19, 113), (20, 112), (21, 111), (24, 106), (25, 105), (26, 104), (27, 103), (28, 102), (31, 100), (32, 99), (33, 98), (34, 97), (35, 96), (41, 67), (42, 66), (46, 62), (51, 61), (52, 60), (53, 59), (54, 58), (72, 94)]
Pairs:
 [16, 117, 17, 116, 19, 113, 20, 112, 21, 111, 24, 106, 25, 105, 26, 104, 27, 103, 28, 102, 31, 100, 32, 99, 33, 98, 34, 97, 35, 96, 41, 67, 42, 66, 46, 62, 51, 61, 52, 60, 53, 59, 54, 58, 72, 94]
Dot Bracket:
 ................((.(((..(((((..(((((.....((...(....((((...)))))...))....(.....................).))))).)))))....)))..))..
120


Iteration 4


setting environment up
running sampling algorithm
beginning Burn in iterations

Centroid Structure
Length:
 27
Pairs:
 [(9, 116), (10, 115), (14, 119), (15, 118), (16, 117), (18, 113), (21, 110), (22, 109), (24, 106), (25, 105), (26, 104), (27, 103), (28, 102), (31, 100), (32, 99), (33, 98), (34, 97), (35, 96), (43, 89), (44, 88), (46, 86), (47, 85), (51, 61), (52, 60), (53, 59), (65, 75), (70, 80)]
Pairs:
 [9, 116, 10, 115, 14, 119, 15, 118, 16, 117, 18, 113, 21, 110, 22, 109, 24, 106, 25, 105, 26, 104, 27, 103, 28, 102, 31, 100, 32, 99, 33, 98, 34, 97, 35, 96, 43, 89, 44, 88, 46, 86, 47, 85, 51, 61, 52, 60, 53, 59, 65, 75, 70, 80]
Dot Bracket:
 .........((...[[[.[..[[.[[[[[..[[[[[.......[[.[[...[[[.....]]]...[....(....]....)....]].]]......]]]]].]]]]]..]]..].))]]]
120


Iteration 5


setting environment up
running sampling algorithm
beginning Burn in iterations

Centroid Structure
Length:
 23
Pairs:
 [(14, 119), (15, 118), (17, 116), (19, 113), (20, 112), (21, 111), (24, 106), (25, 105), (26, 104), (27, 103), (28, 102), (31, 100), (32, 99), (33, 98), (34, 97), (35, 96), (41, 67), (43, 65), (45, 63), (46, 62), (52, 60), (53, 59), (54, 58)]
Pairs:
 [14, 119, 15, 118, 17, 116, 19, 113, 20, 112, 21, 111, 24, 106, 25, 105, 26, 104, 27, 103, 28, 102, 31, 100, 32, 99, 33, 98, 34, 97, 35, 96, 41, 67, 43, 65, 45, 63, 46, 62, 52, 60, 53, 59, 54, 58]
Dot Bracket:
 ..............((.(.(((..(((((..(((((.....(.(.((.....(((...))).)).).)............................))))).)))))....)))..).))
120


Iteration 6


setting environment up
running sampling algorithm
beginning Burn in iterations

Centroid Structure
Length:
 38
Pairs:
 [(3, 13), (4, 12), (14, 119), (15, 118), (16, 117), (17, 116), (18, 115), (19, 113), (20, 112), (21, 110), (24, 106), (25, 105), (26, 104), (27, 103), (28, 102), (31, 100), (32, 99), (33, 98), (34, 97), (35, 96), (40, 92), (41, 91), (42, 90), (43, 89), (44, 88), (45, 87), (46, 86), (47, 85), (51, 83), (52, 82), (54, 58), (56, 74), (59, 71), (62, 69), (63, 68), (64, 77), (65, 75), (67, 73)]
Pairs:
 [3, 13, 4, 12, 14, 119, 15, 118, 16, 117, 17, 116, 18, 115, 19, 113, 20, 112, 21, 110, 24, 106, 25, 105, 26, 104, 27, 103, 28, 102, 31, 100, 32, 99, 33, 98, 34, 97, 35, 96, 40, 92, 41, 91, 42, 90, 43, 89, 44, 88, 45, 87, 46, 86, 47, 85, 51, 83, 52, 82, 54, 58, 56, 74, 59, 71, 62, 69, 63, 68, 64, 77, 65, 75, 67, 73]
Dot Bracket:
 ...((.......))((((((((..(((((..(((((....((((((((...((.(.[.)[..[[((.(]].].)]).)....)).))))))))...))))).)))))...).)).)))))
120


Iteration 7


setting environment up
running sampling algorithm
beginning Burn in iterations

Centroid Structure
Length:
 31
Pairs:
 [(7, 118), (8, 117), (9, 116), (10, 115), (24, 106), (25, 105), (26, 104), (27, 103), (28, 102), (31, 100), (32, 99), (33, 98), (34, 97), (35, 96), (40, 92), (41, 91), (42, 90), (43, 89), (44, 88), (45, 87), (46, 86), (47, 85), (51, 61), (52, 60), (53, 59), (54, 58), (63, 78), (65, 75), (66, 74), (67, 73), (68, 72)]
Pairs:
 [7, 118, 8, 117, 9, 116, 10, 115, 24, 106, 25, 105, 26, 104, 27, 103, 28, 102, 31, 100, 32, 99, 33, 98, 34, 97, 35, 96, 40, 92, 41, 91, 42, 90, 43, 89, 44, 88, 45, 87, 46, 86, 47, 85, 51, 61, 52, 60, 53, 59, 54, 58, 63, 78, 65, 75, 66, 74, 67, 73, 68, 72]
Dot Bracket:
 .......((((.............(((((..(((((....((((((((...((((...)))).(.((((...))))..)......))))))))...))))).)))))........)))).
120


Iteration 8


setting environment up
running sampling algorithm
beginning Burn in iterations

Centroid Structure
Length:
 35
Pairs:
 [(14, 119), (15, 118), (16, 117), (17, 116), (18, 115), (20, 114), (21, 113), (24, 106), (25, 105), (26, 104), (27, 103), (28, 102), (31, 100), (32, 99), (33, 98), (34, 97), (35, 96), (40, 92), (41, 91), (42, 90), (43, 89), (44, 88), (45, 87), (46, 86), (47, 85), (50, 63), (51, 61), (52, 82), (54, 58), (56, 74), (59, 71), (62, 69), (65, 75), (67, 73), (68, 72)]
Pairs:
 [14, 119, 15, 118, 16, 117, 17, 116, 18, 115, 20, 114, 21, 113, 24, 106, 25, 105, 26, 104, 27, 103, 28, 102, 31, 100, 32, 99, 33, 98, 34, 97, 35, 96, 40, 92, 41, 91, 42, 90, 43, 89, 44, 88, 45, 87, 46, 86, 47, 85, 50, 63, 51, 61, 52, 82, 54, 58, 56, 74, 59, 71, 62, 69, 65, 75, 67, 73, 68, 72]
Dot Bracket:
 ..............(((((.((..(((((..(((((....((((((((..(([.[.(.][.)[).(.((].]))))......]..))))))))...))))).)))))......)))))))
120


Iteration 9


setting environment up
running sampling algorithm
beginning Burn in iterations

Centroid Structure
Length:
 39
Pairs:
 [(6, 119), (8, 117), (9, 116), (10, 115), (11, 18), (12, 17), (15, 118), (20, 114), (21, 111), (24, 106), (25, 105), (26, 104), (27, 103), (28, 102), (31, 100), (32, 99), (33, 98), (34, 97), (35, 96), (40, 92), (41, 91), (42, 90), (43, 89), (44, 88), (47, 82), (48, 81), (51, 61), (52, 60), (53, 59), (54, 58), (63, 94), (64, 93), (65, 75), (68, 84), (69, 83), (70, 80), (71, 79), (72, 78), (73, 77)]
Pairs:
 [6, 119, 8, 117, 9, 116, 10, 115, 11, 18, 12, 17, 15, 118, 20, 114, 21, 111, 24, 106, 25, 105, 26, 104, 27, 103, 28, 102, 31, 100, 32, 99, 33, 98, 34, 97, 35, 96, 40, 92, 41, 91, 42, 90, 43, 89, 44, 88, 47, 82, 48, 81, 51, 61, 52, 60, 53, 59, 54, 58, 63, 94, 64, 93, 65, 75, 68, 84, 69, 83, 70, 80, 71, 79, 72, 78, 73, 77]
Dot Bracket:
 ......(.(((((..[.)).[[..[[[[[..[[[[[....[[[[[..[[..[[[[...]]]].(((..[[[[[[.).]]]]]]]]...]]]]])).]]]]].]]]]]....]..])))])
120


Iteration 10


setting environment up
running sampling algorithm
beginning Burn in iterations

Centroid Structure
Length:
 25
Pairs:
 [(14, 119), (16, 117), (18, 115), (19, 113), (20, 112), (24, 106), (25, 105), (26, 104), (27, 103), (28, 102), (31, 100), (32, 99), (33, 98), (34, 97), (35, 96), (41, 67), (42, 66), (43, 65), (44, 64), (45, 63), (46, 62), (51, 61), (52, 60), (53, 59), (74, 92)]
Pairs:
 [14, 119, 16, 117, 18, 115, 19, 113, 20, 112, 24, 106, 25, 105, 26, 104, 27, 103, 28, 102, 31, 100, 32, 99, 33, 98, 34, 97, 35, 96, 41, 67, 42, 66, 43, 65, 44, 64, 45, 63, 46, 62, 51, 61, 52, 60, 53, 59, 74, 92]
Dot Bracket:
 ..............(.(.(((...(((((..(((((.....((((((....(((.....)))))))))......(.................)...))))).))))).....)).).).)
120


Iteration 11


setting environment up
running sampling algorithm
beginning Burn in iterations

Centroid Structure
Length:
 36
Pairs:
 [(6, 119), (7, 118), (8, 117), (9, 116), (10, 115), (12, 17), (18, 113), (21, 110), (22, 109), (24, 106), (25, 105), (26, 104), (27, 103), (28, 102), (31, 100), (32, 99), (33, 98), (34, 97), (35, 96), (37, 93), (39, 91), (40, 90), (49, 63), (51, 61), (52, 60), (53, 59), (54, 58), (65, 92), (66, 89), (67, 88), (68, 87), (69, 86), (70, 80), (71, 79), (72, 78), (73, 77)]
Pairs:
 [6, 119, 7, 118, 8, 117, 9, 116, 10, 115, 12, 17, 18, 113, 21, 110, 22, 109, 24, 106, 25, 105, 26, 104, 27, 103, 28, 102, 31, 100, 32, 99, 33, 98, 34, 97, 35, 96, 37, 93, 39, 91, 40, 90, 49, 63, 51, 61, 52, 60, 53, 59, 54, 58, 65, 92, 66, 89, 67, 88, 68, 87, 69, 86, 70, 80, 71, 79, 72, 78, 73, 77]
Dot Bracket:
 ......(((((.(....)(..((.(((((..(((((.(.((........(.((((...)))).).[[[[[[[[[...]]]].....]]]]))])..))))).)))))..))..).)))))
120


Iteration 12


setting environment up
running sampling algorithm
beginning Burn in iterations

Centroid Structure
Length:
 28
Pairs:
 [(17, 114), (20, 112), (21, 111), (25, 105), (26, 104), (28, 102), (31, 100), (32, 99), (33, 98), (34, 115), (35, 96), (39, 110), (41, 67), (42, 66), (43, 65), (44, 64), (45, 63), (46, 62), (51, 61), (52, 60), (53, 59), (54, 58), (70, 80), (71, 79), (72, 108), (74, 106), (77, 103), (87, 94)]
Pairs:
 [17, 114, 20, 112, 21, 111, 25, 105, 26, 104, 28, 102, 31, 100, 32, 99, 33, 98, 34, 115, 35, 96, 39, 110, 41, 67, 42, 66, 43, 65, 44, 64, 45, 63, 46, 62, 51, 61, 52, 60, 53, 59, 54, 58, 70, 80, 71, 79, 72, 108, 74, 106, 77, 103, 87, 94]
Dot Bracket:
 .................(..((...((.(..((([[...(.((((((....((((...))))))))))..(([.[..[.))......(......).].))).)]))].].))).)]....
120


Iteration 13


setting environment up
running sampling algorithm
beginning Burn in iterations

Centroid Structure
Length:
 31
Pairs:
 [(14, 119), (15, 118), (16, 117), (17, 116), (18, 115), (19, 113), (20, 112), (21, 111), (24, 106), (25, 105), (26, 104), (27, 103), (28, 102), (31, 100), (32, 99), (33, 98), (34, 97), (35, 96), (42, 66), (43, 89), (44, 88), (46, 86), (51, 61), (52, 60), (53, 59), (54, 58), (64, 77), (65, 75), (67, 73), (70, 80), (71, 79)]
Pairs:
 [14, 119, 15, 118, 16, 117, 17, 116, 18, 115, 19, 113, 20, 112, 21, 111, 24, 106, 25, 105, 26, 104, 27, 103, 28, 102, 31, 100, 32, 99, 33, 98, 34, 97, 35, 96, 42, 66, 43, 89, 44, 88, 46, 86, 51, 61, 52, 60, 53, 59, 54, 58, 64, 77, 65, 75, 67, 73, 70, 80, 71, 79]
Dot Bracket:
 ..............((((((((..(((((..(((((......([[.[....[[[[...]]]]..[[)[..((.].].].)).....].]]......))))).)))))....))).)))))
120


Iteration 14


setting environment up
running sampling algorithm
beginning Burn in iterations

Centroid Structure
Length:
 41
Pairs:
 [(3, 13), (4, 12), (7, 118), (8, 117), (10, 115), (14, 119), (17, 116), (19, 113), (20, 112), (21, 111), (22, 109), (24, 106), (25, 105), (26, 104), (27, 103), (28, 102), (31, 100), (32, 99), (33, 98), (34, 97), (35, 96), (37, 93), (38, 92), (39, 91), (42, 90), (43, 89), (47, 85), (49, 63), (50, 84), (51, 61), (52, 60), (53, 59), (55, 79), (64, 77), (65, 75), (66, 74), (67, 88), (68, 87), (69, 86), (70, 80), (72, 78)]
Pairs:
 [3, 13, 4, 12, 7, 118, 8, 117, 10, 115, 14, 119, 17, 116, 19, 113, 20, 112, 21, 111, 22, 109, 24, 106, 25, 105, 26, 104, 27, 103, 28, 102, 31, 100, 32, 99, 33, 98, 34, 97, 35, 96, 37, 93, 38, 92, 39, 91, 42, 90, 43, 89, 47, 85, 49, 63, 50, 84, 51, 61, 52, 60, 53, 59, 55, 79, 64, 77, 65, 75, 66, 74, 67, 88, 68, 87, 69, 86, 70, 80, 72, 78]
Dot Bracket:
 ...((..[[.[.))(..(.((((.(((((..(((((.(((..((...(.([[[[.(...]]].)((([[[[.[.)).)])]...])]]])))))..))))).)))))..).))).])]])
120


Iteration 15


setting environment up
running sampling algorithm
beginning Burn in iterations

Centroid Structure
Length:
 31
Pairs:
 [(14, 119), (15, 118), (16, 117), (17, 116), (18, 115), (19, 113), (20, 112), (21, 111), (24, 106), (25, 105), (26, 104), (27, 103), (28, 102), (31, 100), (32, 99), (33, 98), (34, 97), (35, 96), (40, 92), (41, 91), (42, 90), (43, 89), (44, 88), (45, 87), (46, 86), (47, 85), (50, 84), (51, 83), (52, 60), (65, 75), (66, 74)]
Pairs:
 [14, 119, 15, 118, 16, 117, 17, 116, 18, 115, 19, 113, 20, 112, 21, 111, 24, 106, 25, 105, 26, 104, 27, 103, 28, 102, 31, 100, 32, 99, 33, 98, 34, 97, 35, 96, 40, 92, 41, 91, 42, 90, 43, 89, 44, 88, 45, 87, 46, 86, 47, 85, 50, 84, 51, 83, 52, 60, 65, 75, 66, 74]
Dot Bracket:
 ..............((((((((..(((((..(((((....((((((((..(((.......)....((.......)).......))))))))))...))))).)))))....))).)))))
120


Iteration 16


setting environment up
running sampling algorithm
beginning Burn in iterations

Centroid Structure
Length:
 37
Pairs:
 [(6, 119), (9, 116), (10, 115), (15, 118), (16, 117), (19, 113), (20, 112), (21, 111), (24, 106), (25, 105), (26, 104), (27, 103), (28, 102), (31, 100), (32, 99), (33, 98), (34, 97), (35, 96), (37, 93), (38, 92), (39, 91), (41, 67), (43, 65), (44, 64), (45, 63), (46, 62), (51, 61), (52, 60), (53, 59), (54, 58), (66, 89), (68, 87), (69, 86), (70, 80), (71, 79), (72, 78), (75, 81)]
Pairs:
 [6, 119, 9, 116, 10, 115, 15, 118, 16, 117, 19, 113, 20, 112, 21, 111, 24, 106, 25, 105, 26, 104, 27, 103, 28, 102, 31, 100, 32, 99, 33, 98, 34, 97, 35, 96, 37, 93, 38, 92, 39, 91, 41, 67, 43, 65, 44, 64, 45, 63, 46, 62, 51, 61, 52, 60, 53, 59, 54, 58, 66, 89, 68, 87, 69, 86, 70, 80, 71, 79, 72, 78, 75, 81]
Dot Bracket:
 ......(..((....[[..[[[..[[[[[..[[[[[.[[[.[.[[[[....[[[[...]]]]]]]](](((((..[..)))]....)).).]]]..]]]]].]]]]]....]]].))]])
120


Iteration 17


setting environment up
running sampling algorithm
beginning Burn in iterations

Centroid Structure
Length:
 38
Pairs:
 [(1, 8), (2, 10), (3, 9), (14, 119), (15, 118), (16, 117), (17, 116), (18, 115), (19, 113), (20, 112), (21, 111), (24, 106), (25, 105), (26, 104), (27, 103), (28, 102), (31, 100), (32, 99), (33, 98), (34, 97), (36, 92), (37, 93), (39, 91), (40, 90), (41, 67), (42, 66), (43, 65), (46, 86), (47, 85), (48, 64), (49, 63), (51, 61), (52, 60), (53, 59), (54, 58), (71, 79), (72, 78), (73, 77)]
Pairs:
 [1, 8, 2, 10, 3, 9, 14, 119, 15, 118, 16, 117, 17, 116, 18, 115, 19, 113, 20, 112, 21, 111, 24, 106, 25, 105, 26, 104, 27, 103, 28, 102, 31, 100, 32, 99, 33, 98, 34, 97, 36, 92, 37, 93, 39, 91, 40, 90, 41, 67, 42, 66, 43, 65, 46, 86, 47, 85, 48, 64, 49, 63, 51, 61, 52, 60, 53, 59, 54, 58, 71, 79, 72, 78, 73, 77]
Dot Bracket:
 .([[....)]]...[[[[[[[[..[[[[[..[[[[.[(.(((((..[[[[.[[[[...]]]].]])))...[[[...]]].....]]...))])...]]]].]]]]]....]]].]]]]]
120


Iteration 18


setting environment up
running sampling algorithm
beginning Burn in iterations

Centroid Structure
Length:
 29
Pairs:
 [(10, 115), (14, 119), (15, 118), (16, 117), (21, 111), (24, 106), (25, 105), (26, 104), (27, 103), (28, 102), (31, 100), (32, 99), (33, 98), (34, 97), (35, 96), (37, 93), (38, 92), (39, 91), (42, 90), (43, 89), (44, 88), (45, 87), (46, 86), (51, 61), (52, 60), (53, 59), (54, 58), (72, 78), (73, 77)]
Pairs:
 [10, 115, 14, 119, 15, 118, 16, 117, 21, 111, 24, 106, 25, 105, 26, 104, 27, 103, 28, 102, 31, 100, 32, 99, 33, 98, 34, 97, 35, 96, 37, 93, 38, 92, 39, 91, 42, 90, 43, 89, 44, 88, 45, 87, 46, 86, 51, 61, 52, 60, 53, 59, 54, 58, 72, 78, 73, 77]
Dot Bracket:
 ..........(...[[[....[..[[[[[..[[[[[.[[[..[[[[[....[[[[...]]]]..........[[...]].......]]]]]]]]..]]]]].]]]]]....]...).]]]
120


Iteration 19


setting environment up
running sampling algorithm
beginning Burn in iterations

Centroid Structure
Length:
 39
Pairs:
 [(8, 117), (9, 116), (10, 115), (11, 18), (12, 17), (14, 119), (15, 118), (19, 113), (20, 112), (21, 111), (22, 108), (24, 106), (25, 105), (26, 104), (27, 103), (28, 102), (31, 100), (32, 99), (33, 98), (34, 97), (35, 96), (37, 93), (38, 92), (41, 67), (42, 66), (43, 65), (44, 64), (45, 63), (46, 62), (51, 61), (52, 60), (53, 59), (54, 58), (68, 84), (69, 83), (70, 80), (71, 79), (72, 78), (73, 77)]
Pairs:
 [8, 117, 9, 116, 10, 115, 11, 18, 12, 17, 14, 119, 15, 118, 19, 113, 20, 112, 21, 111, 22, 108, 24, 106, 25, 105, 26, 104, 27, 103, 28, 102, 31, 100, 32, 99, 33, 98, 34, 97, 35, 96, 37, 93, 38, 92, 41, 67, 42, 66, 43, 65, 44, 64, 45, 63, 46, 62, 51, 61, 52, 60, 53, 59, 54, 58, 68, 84, 69, 83, 70, 80, 71, 79, 72, 78, 73, 77]
Dot Bracket:
 ........(((((.[[.))[[[[.[[[[[..[[[[[.[[..[[[[[[....[[[[...]]]]]]]]]][[[[[[...]]]]..]].......]]..]]]]].]]]]].]..]]].)))]]
120
