Iteration 0

setting environment up
running sfold binary

Sfold Executable Code for Academic Users, Version 2.2-20110126
 Running partition function and statistical sampling module... done
 (general output in /home/chris/devtree/pseudoKnot_research/output/sfold.out)
 Running structure clustering module... done
 (general output in /home/chris/devtree/pseudoKnot_research/output/sclass.out)
Process completed. See output files in '/home/chris/devtree/pseudoKnot_research/output'.

running sampling algorithm
beginning Burn in iterations

Centroid Structure
Length:
 17
Pairs:
 [(1, 50), (2, 49), (3, 48), (4, 47), (5, 46), (6, 45), (7, 44), (8, 43), (9, 42), (17, 36), (18, 35), (19, 34), (20, 33), (21, 32), (22, 31), (23, 30), (24, 29)]
Pairs:
 [1, 50, 2, 49, 3, 48, 4, 47, 5, 46, 6, 45, 7, 44, 8, 43, 9, 42, 17, 36, 18, 35, 19, 34, 20, 33, 21, 32, 22, 31, 23, 30, 24, 29]
Dot Bracket:
 .(((((((((.......((((((((....)))))))).....))))))))).....................
72


Iteration 1


setting environment up
running sampling algorithm
beginning Burn in iterations

Centroid Structure
Length:
 21
Pairs:
 [(1, 50), (2, 49), (3, 48), (4, 47), (5, 46), (6, 45), (7, 44), (8, 43), (11, 42), (12, 41), (17, 36), (18, 35), (19, 34), (20, 33), (21, 32), (22, 31), (23, 30), (24, 29), (54, 69), (55, 68), (66, 71)]
Pairs:
 [1, 50, 2, 49, 3, 48, 4, 47, 5, 46, 6, 45, 7, 44, 8, 43, 11, 42, 12, 41, 17, 36, 18, 35, 19, 34, 20, 33, 21, 32, 22, 31, 23, 30, 24, 29, 54, 69, 55, 68, 66, 71]
Dot Bracket:
 .((((((((..((....((((((((....))))))))....))))))))))...((..........[.)).]
72


Iteration 2


setting environment up
running sampling algorithm
beginning Burn in iterations

Centroid Structure
Length:
 20
Pairs:
 [(1, 50), (2, 49), (3, 70), (4, 47), (5, 46), (6, 45), (7, 66), (8, 65), (9, 64), (10, 63), (11, 62), (17, 36), (18, 35), (19, 34), (20, 33), (21, 32), (22, 31), (23, 30), (24, 29), (39, 44)]
Pairs:
 [1, 50, 2, 49, 3, 70, 4, 47, 5, 46, 6, 45, 7, 66, 8, 65, 9, 64, 10, 63, 11, 62, 17, 36, 18, 35, 19, 34, 20, 33, 21, 32, 22, 31, 23, 30, 24, 29, 39, 44]
Dot Bracket:
 .(([[[[([[[[.....((((((((....))))))))..(....)]]].))...........]]]])...].
72


Iteration 3


setting environment up
running sampling algorithm
beginning Burn in iterations

Centroid Structure
Length:
 17
Pairs:
 [(1, 50), (2, 49), (3, 48), (4, 47), (5, 46), (6, 45), (7, 44), (8, 43), (9, 42), (17, 36), (18, 35), (19, 34), (20, 33), (21, 32), (22, 31), (23, 30), (24, 29)]
Pairs:
 [1, 50, 2, 49, 3, 48, 4, 47, 5, 46, 6, 45, 7, 44, 8, 43, 9, 42, 17, 36, 18, 35, 19, 34, 20, 33, 21, 32, 22, 31, 23, 30, 24, 29]
Dot Bracket:
 .(((((((((.......((((((((....)))))))).....))))))))).....................
72


Iteration 4


setting environment up
running sampling algorithm
beginning Burn in iterations

Centroid Structure
Length:
 19
Pairs:
 [(1, 50), (2, 49), (3, 48), (4, 47), (5, 46), (6, 45), (7, 44), (8, 43), (9, 42), (10, 63), (11, 62), (17, 36), (18, 35), (19, 34), (20, 33), (21, 32), (22, 31), (23, 30), (24, 29)]
Pairs:
 [1, 50, 2, 49, 3, 48, 4, 47, 5, 46, 6, 45, 7, 44, 8, 43, 9, 42, 10, 63, 11, 62, 17, 36, 18, 35, 19, 34, 20, 33, 21, 32, 22, 31, 23, 30, 24, 29]
Dot Bracket:
 .((((((((([[.....[[[[[[[[....]]]]]]]].....)))))))))...........]]........
72


Iteration 5


setting environment up
running sampling algorithm
beginning Burn in iterations

Centroid Structure
Length:
 21
Pairs:
 [(1, 50), (2, 49), (3, 48), (4, 47), (5, 68), (6, 45), (8, 43), (10, 63), (11, 62), (12, 41), (15, 38), (17, 36), (18, 35), (19, 34), (20, 33), (21, 32), (22, 31), (23, 30), (24, 29), (39, 44), (46, 56)]
Pairs:
 [1, 50, 2, 49, 3, 48, 4, 47, 5, 68, 6, 45, 8, 43, 10, 63, 11, 62, 12, 41, 15, 38, 17, 36, 18, 35, 19, 34, 20, 33, 21, 32, 22, 31, 23, 30, 24, 29, 39, 44, 46, 56]
Dot Bracket:
 .(((([[.[.([(..(.((((((((....)))))))).)[.).]]][)))).....].....])....]...
72


Iteration 6


setting environment up
running sampling algorithm
beginning Burn in iterations

Centroid Structure
Length:
 17
Pairs:
 [(1, 50), (2, 49), (3, 48), (4, 47), (5, 46), (6, 45), (7, 44), (8, 43), (9, 42), (17, 36), (18, 35), (19, 34), (20, 33), (21, 32), (22, 31), (23, 30), (24, 29)]
Pairs:
 [1, 50, 2, 49, 3, 48, 4, 47, 5, 46, 6, 45, 7, 44, 8, 43, 9, 42, 17, 36, 18, 35, 19, 34, 20, 33, 21, 32, 22, 31, 23, 30, 24, 29]
Dot Bracket:
 .(((((((((.......((((((((....)))))))).....))))))))).....................
72


Iteration 7


setting environment up
running sampling algorithm
beginning Burn in iterations

Centroid Structure
Length:
 22
Pairs:
 [(1, 50), (2, 49), (3, 48), (4, 47), (5, 68), (6, 45), (8, 65), (9, 42), (10, 63), (11, 62), (17, 36), (18, 35), (19, 34), (20, 33), (21, 32), (22, 31), (23, 30), (24, 29), (39, 44), (46, 56), (52, 69), (54, 67)]
Pairs:
 [1, 50, 2, 49, 3, 48, 4, 47, 5, 68, 6, 45, 8, 65, 9, 42, 10, 63, 11, 62, 17, 36, 18, 35, 19, 34, 20, 33, 21, 32, 22, 31, 23, 30, 24, 29, 39, 44, 46, 56, 52, 69, 54, 67]
Dot Bracket:
 .(((([[.(([[.....((((((((....))))))))..[..).]][)))).(.[.].....]].).]])..
72


Iteration 8


setting environment up
running sampling algorithm
beginning Burn in iterations

Centroid Structure
Length:
 21
Pairs:
 [(1, 50), (2, 49), (3, 48), (4, 47), (5, 68), (6, 45), (7, 66), (8, 65), (9, 64), (10, 63), (11, 62), (17, 36), (18, 35), (19, 34), (20, 33), (21, 32), (22, 31), (23, 30), (24, 29), (39, 44), (46, 56)]
Pairs:
 [1, 50, 2, 49, 3, 48, 4, 47, 5, 68, 6, 45, 7, 66, 8, 65, 9, 64, 10, 63, 11, 62, 17, 36, 18, 35, 19, 34, 20, 33, 21, 32, 22, 31, 23, 30, 24, 29, 39, 44, 46, 56]
Dot Bracket:
 .(((([[([[[[.....((((((((....))))))))..(....)][)))).....].....]]]]).]...
72


Iteration 9


setting environment up
running sampling algorithm
beginning Burn in iterations

Centroid Structure
Length:
 22
Pairs:
 [(1, 50), (2, 49), (3, 48), (4, 47), (5, 68), (6, 45), (7, 66), (8, 43), (9, 64), (10, 63), (11, 42), (12, 41), (17, 36), (18, 35), (19, 34), (20, 33), (21, 32), (22, 31), (23, 30), (24, 29), (39, 44), (46, 56)]
Pairs:
 [1, 50, 2, 49, 3, 48, 4, 47, 5, 68, 6, 45, 7, 66, 8, 43, 9, 64, 10, 63, 11, 42, 12, 41, 17, 36, 18, 35, 19, 34, 20, 33, 21, 32, 22, 31, 23, 30, 24, 29, 39, 44, 46, 56]
Dot Bracket:
 .(((([[(([[((....((((((((....))))))))..[.)))]][)))).....]......]].).]...
72


Iteration 10


setting environment up
running sampling algorithm
beginning Burn in iterations

Centroid Structure
Length:
 15
Pairs:
 [(1, 50), (2, 49), (3, 48), (4, 47), (5, 46), (6, 45), (7, 44), (17, 36), (18, 35), (19, 34), (20, 33), (21, 32), (22, 31), (23, 30), (24, 29)]
Pairs:
 [1, 50, 2, 49, 3, 48, 4, 47, 5, 46, 6, 45, 7, 44, 17, 36, 18, 35, 19, 34, 20, 33, 21, 32, 22, 31, 23, 30, 24, 29]
Dot Bracket:
 .(((((((.........((((((((....)))))))).......))))))).....................
72


Iteration 11


setting environment up
running sampling algorithm
beginning Burn in iterations

Centroid Structure
Length:
 20
Pairs:
 [(1, 50), (2, 49), (3, 70), (4, 47), (5, 68), (6, 45), (8, 43), (9, 64), (10, 63), (11, 62), (17, 36), (18, 35), (19, 34), (20, 33), (21, 32), (22, 31), (23, 30), (24, 29), (39, 44), (46, 56)]
Pairs:
 [1, 50, 2, 49, 3, 70, 4, 47, 5, 68, 6, 45, 8, 43, 9, 64, 10, 63, 11, 62, 17, 36, 18, 35, 19, 34, 20, 33, 21, 32, 22, 31, 23, 30, 24, 29, 39, 44, 46, 56]
Dot Bracket:
 .(([[((.([[[.....((((((((....))))))))..[...)])(].)).....).....]]]...).].
72


Iteration 12


setting environment up
running sampling algorithm
beginning Burn in iterations

Centroid Structure
Length:
 22
Pairs:
 [(1, 50), (2, 49), (3, 48), (4, 47), (5, 46), (6, 45), (7, 44), (8, 43), (11, 42), (12, 41), (17, 36), (18, 35), (19, 34), (20, 33), (21, 32), (22, 31), (23, 30), (24, 29), (51, 61), (52, 60), (54, 58), (55, 68)]
Pairs:
 [1, 50, 2, 49, 3, 48, 4, 47, 5, 46, 6, 45, 7, 44, 8, 43, 11, 42, 12, 41, 17, 36, 18, 35, 19, 34, 20, 33, 21, 32, 22, 31, 23, 30, 24, 29, 51, 61, 52, 60, 54, 58, 55, 68]
Dot Bracket:
 .((((((((..((....((((((((....))))))))....))))))))))((.([..).))......]...
72


Iteration 13


setting environment up
running sampling algorithm
beginning Burn in iterations

Centroid Structure
Length:
 17
Pairs:
 [(1, 50), (2, 49), (3, 48), (4, 47), (5, 46), (6, 45), (7, 44), (8, 43), (9, 42), (17, 36), (18, 35), (19, 34), (20, 33), (21, 32), (22, 31), (23, 30), (24, 29)]
Pairs:
 [1, 50, 2, 49, 3, 48, 4, 47, 5, 46, 6, 45, 7, 44, 8, 43, 9, 42, 17, 36, 18, 35, 19, 34, 20, 33, 21, 32, 22, 31, 23, 30, 24, 29]
Dot Bracket:
 .(((((((((.......((((((((....)))))))).....))))))))).....................
72


Iteration 14


setting environment up
running sampling algorithm
beginning Burn in iterations

Centroid Structure
Length:
 21
Pairs:
 [(0, 54), (1, 50), (2, 49), (3, 48), (4, 47), (5, 46), (6, 45), (7, 44), (8, 43), (9, 42), (13, 41), (17, 36), (18, 35), (19, 34), (20, 33), (21, 32), (22, 31), (23, 30), (24, 29), (60, 68), (61, 67)]
Pairs:
 [0, 54, 1, 50, 2, 49, 3, 48, 4, 47, 5, 46, 6, 45, 7, 44, 8, 43, 9, 42, 13, 41, 17, 36, 18, 35, 19, 34, 20, 33, 21, 32, 22, 31, 23, 30, 24, 29, 60, 68, 61, 67]
Dot Bracket:
 ((((((((((...(...((((((((....))))))))....))))))))))...).....((.....))...
72


Iteration 15


setting environment up
running sampling algorithm
beginning Burn in iterations

Centroid Structure
Length:
 20
Pairs:
 [(2, 49), (3, 70), (4, 69), (5, 68), (8, 65), (9, 64), (10, 63), (11, 62), (12, 61), (17, 36), (18, 35), (19, 34), (20, 33), (21, 32), (22, 31), (23, 30), (24, 29), (38, 45), (39, 44), (46, 56)]
Pairs:
 [2, 49, 3, 70, 4, 69, 5, 68, 8, 65, 9, 64, 10, 63, 11, 62, 12, 61, 17, 36, 18, 35, 19, 34, 20, 33, 21, 32, 22, 31, 23, 30, 24, 29, 38, 45, 39, 44, 46, 56]
Dot Bracket:
 ..([[[..[[[[[....[[[[[[[[....]]]]]]]].[[....]][..)......]....]]]]]..]]].
72


Iteration 16


setting environment up
running sampling algorithm
beginning Burn in iterations

Centroid Structure
Length:
 19
Pairs:
 [(1, 50), (2, 49), (3, 48), (4, 47), (5, 46), (6, 45), (7, 44), (8, 43), (9, 42), (15, 38), (17, 36), (18, 35), (19, 34), (20, 33), (21, 32), (22, 31), (23, 30), (24, 29), (54, 66)]
Pairs:
 [1, 50, 2, 49, 3, 48, 4, 47, 5, 46, 6, 45, 7, 44, 8, 43, 9, 42, 15, 38, 17, 36, 18, 35, 19, 34, 20, 33, 21, 32, 22, 31, 23, 30, 24, 29, 54, 66]
Dot Bracket:
 .(((((((((.....(.((((((((....)))))))).)...)))))))))...(...........).....
72


Iteration 17


setting environment up
running sampling algorithm
beginning Burn in iterations

Centroid Structure
Length:
 18
Pairs:
 [(1, 50), (2, 49), (3, 48), (4, 47), (5, 46), (6, 45), (7, 44), (8, 43), (9, 42), (12, 41), (17, 36), (18, 35), (19, 34), (20, 33), (21, 32), (22, 31), (23, 30), (24, 29)]
Pairs:
 [1, 50, 2, 49, 3, 48, 4, 47, 5, 46, 6, 45, 7, 44, 8, 43, 9, 42, 12, 41, 17, 36, 18, 35, 19, 34, 20, 33, 21, 32, 22, 31, 23, 30, 24, 29]
Dot Bracket:
 .(((((((((..(....((((((((....))))))))....)))))))))).....................
72


Iteration 18


setting environment up
running sampling algorithm
beginning Burn in iterations

Centroid Structure
Length:
 16
Pairs:
 [(1, 50), (2, 49), (3, 48), (4, 47), (5, 46), (6, 45), (7, 44), (12, 41), (17, 36), (18, 35), (19, 34), (20, 33), (21, 32), (22, 31), (23, 30), (24, 29)]
Pairs:
 [1, 50, 2, 49, 3, 48, 4, 47, 5, 46, 6, 45, 7, 44, 12, 41, 17, 36, 18, 35, 19, 34, 20, 33, 21, 32, 22, 31, 23, 30, 24, 29]
Dot Bracket:
 .(((((((....(....((((((((....))))))))....)..))))))).....................
72


Iteration 19


setting environment up
running sampling algorithm
beginning Burn in iterations

Centroid Structure
Length:
 17
Pairs:
 [(1, 50), (2, 49), (3, 48), (4, 47), (5, 46), (6, 45), (7, 44), (8, 43), (9, 42), (17, 37), (18, 35), (19, 34), (20, 33), (21, 32), (22, 31), (23, 30), (24, 29)]
Pairs:
 [1, 50, 2, 49, 3, 48, 4, 47, 5, 46, 6, 45, 7, 44, 8, 43, 9, 42, 17, 37, 18, 35, 19, 34, 20, 33, 21, 32, 22, 31, 23, 30, 24, 29]
Dot Bracket:
 .(((((((((.......((((((((....))))))).)....))))))))).....................
72
