Iteration 0

setting environment up
running sfold binary

Sfold Executable Code for Academic Users, Version 2.2-20110126
 Running partition function and statistical sampling module... done
 (general output in /home/chris/devtree/pseudoKnot_research/output/sfold.out)
 Running structure clustering module... done
 (general output in /home/chris/devtree/pseudoKnot_research/output/sclass.out)
Process completed. See output files in '/home/chris/devtree/pseudoKnot_research/output'.

running sampling algorithm
beginning Burn in iterations

Centroid Structure
Length:
 24
Pairs:
 [(5, 55), (7, 53), (8, 66), (9, 65), (10, 50), (11, 49), (12, 48), (13, 46), (14, 45), (15, 44), (16, 43), (17, 42), (18, 41), (19, 40), (20, 39), (21, 38), (22, 37), (23, 36), (24, 34), (26, 31), (54, 61), (58, 71), (59, 70), (60, 69)]
Pairs:
 [5, 55, 7, 53, 8, 66, 9, 65, 10, 50, 11, 49, 12, 48, 13, 46, 14, 45, 15, 44, 16, 43, 17, 42, 18, 41, 19, 40, 20, 39, 21, 38, 22, 37, 23, 36, 24, 34, 26, 31, 54, 61, 58, 71, 59, 70, 60, 69]
Dot Bracket:
 .....(.([[[[[[[[[[[[[[[[[.[....]..].]]]]]]]]]]].]]]..)[)..(((]...]]..)))
72


Iteration 1


setting environment up
running sampling algorithm
beginning Burn in iterations

Centroid Structure
Length:
 21
Pairs:
 [(6, 54), (7, 53), (8, 66), (9, 65), (11, 49), (12, 48), (13, 47), (14, 45), (15, 44), (16, 43), (17, 42), (18, 41), (19, 40), (20, 39), (21, 38), (22, 37), (23, 36), (58, 71), (59, 70), (60, 69), (61, 68)]
Pairs:
 [6, 54, 7, 53, 8, 66, 9, 65, 11, 49, 12, 48, 13, 47, 14, 45, 15, 44, 16, 43, 17, 42, 18, 41, 19, 40, 20, 39, 21, 38, 22, 37, 23, 36, 58, 71, 59, 70, 60, 69, 61, 68]
Dot Bracket:
 ......(([[.[[[[[[[[[[[[[............]]]]]]]]]].]]]...))...((((...]].))))
72


Iteration 2


setting environment up
running sampling algorithm
beginning Burn in iterations

Centroid Structure
Length:
 23
Pairs:
 [(6, 54), (7, 53), (9, 65), (11, 49), (13, 46), (14, 45), (15, 44), (16, 43), (17, 42), (18, 41), (19, 40), (20, 39), (21, 38), (22, 37), (23, 36), (24, 31), (26, 34), (48, 60), (50, 58), (51, 57), (52, 56), (59, 70), (61, 68)]
Pairs:
 [6, 54, 7, 53, 9, 65, 11, 49, 13, 46, 14, 45, 15, 44, 16, 43, 17, 42, 18, 41, 19, 40, 20, 39, 21, 38, 22, 37, 23, 36, 24, 31, 26, 34, 48, 60, 50, 58, 51, 57, 52, 56, 59, 70, 61, 68]
Dot Bracket:
 ......((.[.[.[[[[[[[[[[[[.(....]..).]]]]]]]]]]].[][[[)).]]](](...]..).).
72


Iteration 3


setting environment up
running sampling algorithm
beginning Burn in iterations

Centroid Structure
Length:
 14
Pairs:
 [(6, 68), (8, 52), (9, 65), (10, 50), (15, 44), (16, 43), (17, 42), (18, 41), (19, 40), (20, 39), (21, 38), (22, 37), (23, 36), (59, 70)]
Pairs:
 [6, 68, 8, 52, 9, 65, 10, 50, 15, 44, 16, 43, 17, 42, 18, 41, 19, 40, 20, 39, 21, 38, 22, 37, 23, 36, 59, 70]
Dot Bracket:
 ......(.([[....[[[[[[[[[............]]]]]]]]].....].)......(.....]..).).
72


Iteration 4


setting environment up
running sampling algorithm
beginning Burn in iterations

Centroid Structure
Length:
 22
Pairs:
 [(5, 55), (6, 54), (7, 53), (8, 52), (9, 50), (11, 49), (12, 48), (13, 47), (14, 46), (15, 44), (16, 43), (17, 42), (18, 41), (19, 40), (20, 39), (21, 38), (22, 37), (23, 36), (24, 34), (56, 70), (60, 66), (61, 65)]
Pairs:
 [5, 55, 6, 54, 7, 53, 8, 52, 9, 50, 11, 49, 12, 48, 13, 47, 14, 46, 15, 44, 16, 43, 17, 42, 18, 41, 19, 40, 20, 39, 21, 38, 22, 37, 23, 36, 24, 34, 56, 70, 60, 66, 61, 65]
Dot Bracket:
 .....(((((.((((((((((((((.........).))))))))).))))).))))(...((...))...).
72


Iteration 5


setting environment up
running sampling algorithm
beginning Burn in iterations

Centroid Structure
Length:
 17
Pairs:
 [(5, 69), (6, 68), (7, 67), (8, 66), (9, 65), (11, 49), (15, 44), (16, 43), (17, 42), (18, 41), (19, 40), (20, 39), (21, 38), (22, 37), (23, 36), (26, 31), (51, 57)]
Pairs:
 [5, 69, 6, 68, 7, 67, 8, 66, 9, 65, 11, 49, 15, 44, 16, 43, 17, 42, 18, 41, 19, 40, 20, 39, 21, 38, 22, 37, 23, 36, 26, 31, 51, 57]
Dot Bracket:
 .....(((((.(...(((((((((..(....)....)))))))))....).(.....).......)))))..
72


Iteration 6


setting environment up
running sampling algorithm
beginning Burn in iterations

Centroid Structure
Length:
 18
Pairs:
 [(5, 69), (6, 54), (7, 53), (8, 52), (9, 65), (11, 49), (12, 48), (14, 45), (15, 44), (16, 43), (17, 42), (18, 41), (19, 40), (20, 39), (21, 38), (22, 37), (23, 36), (51, 57)]
Pairs:
 [5, 69, 6, 54, 7, 53, 8, 52, 9, 65, 11, 49, 12, 48, 14, 45, 15, 44, 16, 43, 17, 42, 18, 41, 19, 40, 20, 39, 21, 38, 22, 37, 23, 36, 51, 57]
Dot Bracket:
 .....(((([.[[.[[[[[[[[[[............]]]]]]]]]]..]].[)))..].......]...)..
72


Iteration 7


setting environment up
running sampling algorithm
beginning Burn in iterations

Centroid Structure
Length:
 24
Pairs:
 [(5, 55), (6, 54), (7, 53), (8, 66), (9, 65), (10, 63), (11, 49), (13, 60), (14, 45), (17, 42), (18, 41), (19, 40), (20, 39), (22, 37), (23, 36), (24, 47), (25, 46), (27, 33), (28, 44), (29, 43), (34, 38), (58, 71), (59, 70), (61, 68)]
Pairs:
 [5, 55, 6, 54, 7, 53, 8, 66, 9, 65, 10, 63, 11, 49, 13, 60, 14, 45, 17, 42, 18, 41, 19, 40, 20, 39, 22, 37, 23, 36, 24, 47, 25, 46, 27, 33, 28, 44, 29, 43, 34, 38, 58, 71, 59, 70, 61, 68]
Dot Bracket:
 .....((([[[[.((..((((.(([[.[([...][.))]))))]))]].]...)))..([)(.].]].).])
72


Iteration 8


setting environment up
running sampling algorithm
beginning Burn in iterations

Centroid Structure
Length:
 22
Pairs:
 [(5, 69), (6, 68), (7, 67), (8, 66), (9, 65), (11, 49), (13, 46), (14, 45), (15, 44), (16, 43), (17, 42), (18, 41), (19, 40), (20, 39), (21, 38), (22, 37), (23, 36), (26, 31), (27, 32), (47, 61), (48, 60), (51, 57)]
Pairs:
 [5, 69, 6, 68, 7, 67, 8, 66, 9, 65, 11, 49, 13, 46, 14, 45, 15, 44, 16, 43, 17, 42, 18, 41, 19, 40, 20, 39, 21, 38, 22, 37, 23, 36, 26, 31, 27, 32, 47, 61, 48, 60, 51, 57]
Dot Bracket:
 .....(((((.(.(((((((((((..([...)]...)))))))))))[[).[.....]..]]...)))))..
72


Iteration 9


setting environment up
running sampling algorithm
beginning Burn in iterations

Centroid Structure
Length:
 23
Pairs:
 [(5, 69), (6, 68), (7, 67), (8, 66), (9, 65), (10, 63), (12, 61), (17, 54), (18, 53), (22, 37), (23, 36), (24, 47), (25, 46), (26, 45), (28, 44), (29, 43), (30, 42), (32, 40), (33, 39), (34, 38), (48, 60), (51, 57), (52, 56)]
Pairs:
 [5, 69, 6, 68, 7, 67, 8, 66, 9, 65, 10, 63, 12, 61, 17, 54, 18, 53, 22, 37, 23, 36, 24, 47, 25, 46, 26, 45, 28, 44, 29, 43, 30, 42, 32, 40, 33, 39, 34, 38, 48, 60, 51, 57, 52, 56]
Dot Bracket:
 .....((((((.(....((...(([[[.[[[.[[[.))]]].]]]]]][..[[)).]]..]).).)))))..
72


Iteration 10


setting environment up
running sampling algorithm
beginning Burn in iterations

Centroid Structure
Length:
 17
Pairs:
 [(6, 68), (7, 67), (8, 66), (9, 65), (11, 49), (12, 48), (14, 45), (15, 44), (16, 43), (17, 42), (18, 41), (19, 40), (20, 39), (21, 38), (22, 37), (23, 36), (51, 57)]
Pairs:
 [6, 68, 7, 67, 8, 66, 9, 65, 11, 49, 12, 48, 14, 45, 15, 44, 16, 43, 17, 42, 18, 41, 19, 40, 20, 39, 21, 38, 22, 37, 23, 36, 51, 57]
Dot Bracket:
 ......((((.((.((((((((((............))))))))))..)).(.....).......))))...
72


Iteration 11


setting environment up
running sampling algorithm
beginning Burn in iterations

Centroid Structure
Length:
 19
Pairs:
 [(5, 69), (6, 68), (7, 67), (8, 66), (9, 65), (10, 63), (16, 43), (17, 42), (18, 41), (20, 39), (21, 49), (22, 37), (23, 36), (25, 46), (26, 45), (28, 44), (32, 40), (34, 38), (51, 57)]
Pairs:
 [5, 69, 6, 68, 7, 67, 8, 66, 9, 65, 10, 63, 16, 43, 17, 42, 18, 41, 20, 39, 21, 49, 22, 37, 23, 36, 25, 46, 26, 45, 28, 44, 32, 40, 34, 38, 51, 57]
Dot Bracket:
 .....((((((.....(((.([[[.([.[...[.(.]]))])))]])..].(.....).....).)))))..
72


Iteration 12


setting environment up
running sampling algorithm
beginning Burn in iterations

Centroid Structure
Length:
 22
Pairs:
 [(5, 69), (6, 68), (7, 67), (8, 66), (9, 65), (10, 63), (11, 49), (13, 60), (14, 45), (15, 44), (16, 43), (18, 53), (19, 40), (20, 39), (21, 38), (22, 37), (23, 36), (25, 46), (26, 34), (30, 42), (51, 57), (52, 56)]
Pairs:
 [5, 69, 6, 68, 7, 67, 8, 66, 9, 65, 10, 63, 11, 49, 13, 60, 14, 45, 15, 44, 16, 43, 18, 53, 19, 40, 20, 39, 21, 38, 22, 37, 23, 36, 25, 46, 26, 34, 30, 42, 51, 57, 52, 56]
Dot Bracket:
 .....(((((((.[[[[.((((((.[(...[...).))))).]]]]]..).[[)..]]..]..).)))))..
72


Iteration 13


setting environment up
running sampling algorithm
beginning Burn in iterations

Centroid Structure
Length:
 19
Pairs:
 [(5, 69), (6, 68), (7, 67), (8, 66), (9, 65), (10, 63), (13, 46), (15, 44), (18, 41), (19, 40), (20, 39), (21, 49), (22, 37), (23, 36), (29, 43), (30, 42), (34, 38), (48, 60), (51, 57)]
Pairs:
 [5, 69, 6, 68, 7, 67, 8, 66, 9, 65, 10, 63, 13, 46, 15, 44, 18, 41, 19, 40, 20, 39, 21, 49, 22, 37, 23, 36, 29, 43, 30, 42, 34, 38, 48, 60, 51, 57]
Dot Bracket:
 .....((((((..(.(..((([[[.....([...(.]]))))])).).(].(.....)..)..).)))))..
72


Iteration 14


setting environment up
running sampling algorithm
beginning Burn in iterations

Centroid Structure
Length:
 22
Pairs:
 [(6, 68), (7, 53), (8, 66), (9, 65), (12, 48), (13, 47), (14, 45), (15, 44), (16, 43), (17, 42), (18, 41), (19, 40), (20, 39), (21, 38), (22, 37), (23, 36), (25, 34), (51, 57), (52, 56), (58, 71), (59, 70), (60, 69)]
Pairs:
 [6, 68, 7, 53, 8, 66, 9, 65, 12, 48, 13, 47, 14, 45, 15, 44, 16, 43, 17, 42, 18, 41, 19, 40, 20, 39, 21, 38, 22, 37, 23, 36, 25, 34, 51, 57, 52, 56, 58, 71, 59, 70, 60, 69]
Dot Bracket:
 ......(([[..[[[[[[[[[[[[.[........].]]]]]]]]]].]]..[[)..]]([[....]].)]])
72


Iteration 15


setting environment up
running sampling algorithm
beginning Burn in iterations

Centroid Structure
Length:
 18
Pairs:
 [(5, 55), (7, 67), (8, 66), (9, 65), (10, 50), (15, 44), (16, 43), (17, 42), (18, 41), (19, 40), (20, 39), (21, 38), (22, 37), (23, 36), (24, 34), (58, 71), (59, 70), (60, 69)]
Pairs:
 [5, 55, 7, 67, 8, 66, 9, 65, 10, 50, 15, 44, 16, 43, 17, 42, 18, 41, 19, 40, 20, 39, 21, 38, 22, 37, 23, 36, 24, 34, 58, 71, 59, 70, 60, 69]
Dot Bracket:
 .....(.[[[[....[[[[[[[[[[.........].]]]]]]]]].....]....)..(((....]]].)))
72


Iteration 16


setting environment up
running sampling algorithm
beginning Burn in iterations

Centroid Structure
Length:
 24
Pairs:
 [(5, 69), (6, 68), (7, 67), (8, 66), (9, 65), (10, 63), (12, 61), (13, 46), (14, 59), (16, 43), (17, 54), (18, 41), (21, 38), (22, 37), (23, 36), (26, 34), (28, 44), (30, 42), (32, 40), (33, 39), (48, 60), (50, 58), (51, 57), (52, 56)]
Pairs:
 [5, 69, 6, 68, 7, 67, 8, 66, 9, 65, 10, 63, 12, 61, 13, 46, 14, 59, 16, 43, 17, 54, 18, 41, 21, 38, 22, 37, 23, 36, 26, 34, 28, 44, 30, 42, 32, 40, 33, 39, 48, 60, 50, 58, 51, 57, 52, 56]
Dot Bracket:
 .....((((((.(([.[((..(((..(.[.[.[[).)))]])]]].).(.[[[.).]]]])).).)))))..
72


Iteration 17


setting environment up
running sampling algorithm
beginning Burn in iterations

Centroid Structure
Length:
 23
Pairs:
 [(5, 69), (6, 68), (7, 67), (8, 66), (9, 65), (10, 63), (13, 46), (15, 58), (16, 43), (17, 42), (18, 53), (20, 39), (21, 38), (22, 37), (23, 36), (26, 45), (28, 44), (32, 40), (47, 61), (48, 60), (49, 59), (51, 57), (52, 56)]
Pairs:
 [5, 69, 6, 68, 7, 67, 8, 66, 9, 65, 10, 63, 13, 46, 15, 58, 16, 43, 17, 42, 18, 53, 20, 39, 21, 38, 22, 37, 23, 36, 26, 45, 28, 44, 32, 40, 47, 61, 48, 60, 49, 59, 51, 57, 52, 56]
Dot Bracket:
 .....((((((..(.[[[(.((((..[.[...[...))))].]]]])([[.[[)..]]]]]).).)))))..
72


Iteration 18


setting environment up
running sampling algorithm
beginning Burn in iterations

Centroid Structure
Length:
 22
Pairs:
 [(7, 67), (8, 52), (9, 65), (10, 50), (11, 49), (12, 48), (14, 45), (17, 54), (18, 41), (19, 40), (20, 39), (22, 37), (23, 36), (24, 47), (25, 46), (28, 44), (29, 43), (30, 42), (58, 71), (59, 70), (60, 69), (61, 68)]
Pairs:
 [7, 67, 8, 52, 9, 65, 10, 50, 11, 49, 12, 48, 14, 45, 17, 54, 18, 41, 19, 40, 20, 39, 22, 37, 23, 36, 24, 47, 25, 46, 28, 44, 29, 43, 30, 42, 58, 71, 59, 70, 60, 69, 61, 68]
Dot Bracket:
 .......(([[[[.[..((((.(([[..[[[.....)).)))]]]]]]]]].).)...([[[...].)]]])
72


Iteration 19


setting environment up
running sampling algorithm
beginning Burn in iterations

Centroid Structure
Length:
 22
Pairs:
 [(3, 69), (6, 68), (7, 67), (8, 66), (9, 65), (11, 49), (12, 48), (13, 46), (14, 45), (15, 44), (16, 43), (17, 42), (18, 41), (19, 40), (20, 39), (21, 38), (22, 37), (23, 36), (26, 31), (47, 61), (51, 57), (55, 60)]
Pairs:
 [3, 69, 6, 68, 7, 67, 8, 66, 9, 65, 11, 49, 12, 48, 13, 46, 14, 45, 15, 44, 16, 43, 17, 42, 18, 41, 19, 40, 20, 39, 21, 38, 22, 37, 23, 36, 26, 31, 47, 61, 51, 57, 55, 60]
Dot Bracket:
 ...(..((((.(((((((((((((..(....)....)))))))))))[)).[...(.]..)]...)))))..
72
