Iteration 0

setting environment up
running sfold binary

Sfold Executable Code for Academic Users, Version 2.2-20110126
 Running partition function and statistical sampling module... done
 (general output in /home/chris/devtree/pseudoKnot_research/output/sfold.out)
 Running structure clustering module... done
 (general output in /home/chris/devtree/pseudoKnot_research/output/sclass.out)
Process completed. See output files in '/home/chris/devtree/pseudoKnot_research/output'.

running sampling algorithm
beginning Burn in iterations

Centroid Structure
Length:
 31
Pairs:
 [(1, 61), (2, 60), (3, 59), (4, 58), (5, 57), (6, 56), (7, 55), (8, 54), (9, 53), (13, 32), (14, 31), (15, 30), (16, 29), (17, 28), (39, 52), (40, 51), (41, 50), (42, 49), (43, 48), (63, 87), (64, 86), (65, 85), (66, 84), (67, 83), (68, 82), (69, 81), (70, 80), (71, 79), (72, 78), (96, 103), (97, 102)]
Pairs:
 [1, 61, 2, 60, 3, 59, 4, 58, 5, 57, 6, 56, 7, 55, 8, 54, 9, 53, 13, 32, 14, 31, 15, 30, 16, 29, 17, 28, 39, 52, 40, 51, 41, 50, 42, 49, 43, 48, 63, 87, 64, 86, 65, 85, 66, 84, 67, 83, 68, 82, 69, 81, 70, 80, 71, 79, 72, 78, 96, 103, 97, 102]
Dot Bracket:
 .(((((((((...(((((..........)))))......(((((....)))))))))))))).((((((((((.....))))))))))........((....)).
105


Iteration 1


setting environment up
running sampling algorithm
beginning Burn in iterations

Centroid Structure
Length:
 31
Pairs:
 [(3, 59), (4, 58), (5, 57), (6, 56), (7, 55), (8, 54), (11, 34), (13, 32), (14, 31), (15, 30), (16, 29), (17, 28), (20, 27), (38, 53), (39, 52), (40, 51), (41, 50), (42, 49), (43, 48), (60, 90), (63, 87), (66, 84), (67, 83), (68, 82), (69, 81), (70, 80), (71, 79), (72, 78), (88, 99), (89, 98), (97, 102)]
Pairs:
 [3, 59, 4, 58, 5, 57, 6, 56, 7, 55, 8, 54, 11, 34, 13, 32, 14, 31, 15, 30, 16, 29, 17, 28, 20, 27, 38, 53, 39, 52, 40, 51, 41, 50, 42, 49, 43, 48, 60, 90, 63, 87, 66, 84, 67, 83, 68, 82, 69, 81, 70, 80, 71, 79, 72, 78, 88, 99, 89, 98, 97, 102]
Dot Bracket:
 ...((((((..(.(((((..(......)))))).)...((((((....))))))))))))(..(..(((((((.....)))))))..)[[)......(]]..)..
105


Iteration 2


setting environment up
running sampling algorithm
beginning Burn in iterations

Centroid Structure
Length:
 34
Pairs:
 [(1, 95), (2, 94), (3, 59), (4, 58), (5, 57), (6, 56), (7, 55), (11, 34), (12, 32), (14, 31), (15, 30), (16, 27), (17, 28), (18, 26), (38, 53), (39, 52), (40, 51), (41, 50), (42, 49), (43, 48), (60, 90), (62, 88), (63, 87), (64, 86), (65, 85), (66, 84), (67, 83), (68, 82), (69, 81), (70, 80), (71, 79), (72, 78), (96, 103), (97, 102)]
Pairs:
 [1, 95, 2, 94, 3, 59, 4, 58, 5, 57, 6, 56, 7, 55, 11, 34, 12, 32, 14, 31, 15, 30, 16, 27, 17, 28, 18, 26, 38, 53, 39, 52, 40, 51, 41, 50, 42, 49, 43, 48, 60, 90, 62, 88, 63, 87, 64, 86, 65, 85, 66, 84, 67, 83, 68, 82, 69, 81, 70, 80, 71, 79, 72, 78, 96, 103, 97, 102]
Dot Bracket:
 .(((((((...((.((([[.......])].))).)...[[[[[[....]]]]]].)))))[.[[[[[[[[[[[.....]]]]]]]]]]].]...))[[....]].
105


Iteration 3


setting environment up
running sampling algorithm
beginning Burn in iterations

Centroid Structure
Length:
 29
Pairs:
 [(1, 61), (4, 58), (5, 57), (6, 56), (7, 55), (8, 54), (13, 32), (14, 31), (15, 30), (16, 29), (17, 28), (38, 53), (39, 52), (40, 51), (41, 50), (42, 49), (43, 48), (63, 87), (64, 86), (65, 85), (66, 84), (67, 83), (68, 82), (69, 81), (70, 80), (71, 79), (72, 78), (88, 99), (89, 98)]
Pairs:
 [1, 61, 4, 58, 5, 57, 6, 56, 7, 55, 8, 54, 13, 32, 14, 31, 15, 30, 16, 29, 17, 28, 38, 53, 39, 52, 40, 51, 41, 50, 42, 49, 43, 48, 63, 87, 64, 86, 65, 85, 66, 84, 67, 83, 68, 82, 69, 81, 70, 80, 71, 79, 72, 78, 88, 99, 89, 98]
Dot Bracket:
 .(..(((((....(((((..........))))).....((((((....)))))))))))..).((((((((((.....))))))))))((........)).....
105


Iteration 4


setting environment up
running sampling algorithm
beginning Burn in iterations

Centroid Structure
Length:
 34
Pairs:
 [(2, 104), (3, 103), (5, 57), (6, 56), (7, 55), (8, 54), (9, 53), (13, 32), (14, 31), (15, 30), (16, 29), (17, 28), (20, 27), (21, 26), (34, 49), (35, 47), (36, 46), (37, 45), (39, 52), (40, 51), (41, 50), (43, 48), (62, 88), (63, 87), (64, 100), (66, 84), (67, 83), (68, 82), (69, 81), (70, 80), (71, 79), (72, 78), (89, 98), (92, 97)]
Pairs:
 [2, 104, 3, 103, 5, 57, 6, 56, 7, 55, 8, 54, 9, 53, 13, 32, 14, 31, 15, 30, 16, 29, 17, 28, 20, 27, 21, 26, 34, 49, 35, 47, 36, 46, 37, 45, 39, 52, 40, 51, 41, 50, 43, 48, 62, 88, 63, 87, 64, 100, 66, 84, 67, 83, 68, 82, 69, 81, 70, 80, 71, 79, 72, 78, 89, 98, 92, 97]
Dot Bracket:
 ..((.(((((...(((((..((....))))))).((((.[[[.[.)))])]]])))))....[[(.(((((((.....)))))))..]](..(....)).)..))
105


Iteration 5


setting environment up
running sampling algorithm
beginning Burn in iterations

Centroid Structure
Length:
 33
Pairs:
 [(2, 60), (3, 59), (4, 58), (5, 57), (6, 56), (7, 55), (8, 54), (10, 52), (11, 34), (13, 32), (14, 31), (15, 30), (16, 29), (17, 28), (19, 26), (20, 25), (38, 53), (40, 51), (41, 50), (42, 49), (62, 88), (63, 87), (64, 86), (65, 85), (66, 84), (67, 83), (68, 82), (69, 81), (70, 80), (71, 79), (72, 78), (96, 103), (97, 102)]
Pairs:
 [2, 60, 3, 59, 4, 58, 5, 57, 6, 56, 7, 55, 8, 54, 10, 52, 11, 34, 13, 32, 14, 31, 15, 30, 16, 29, 17, 28, 19, 26, 20, 25, 38, 53, 40, 51, 41, 50, 42, 49, 62, 88, 63, 87, 64, 86, 65, 85, 66, 84, 67, 83, 68, 82, 69, 81, 70, 80, 71, 79, 72, 78, 96, 103, 97, 102]
Dot Bracket:
 ..(((((((.((.(((((.((....)).))))).)...[.[[[......]]])]))))))).[[[[[[[[[[[.....]]]]]]]]]]].......[[....]].
105


Iteration 6


setting environment up
running sampling algorithm
beginning Burn in iterations

Centroid Structure
Length:
 30
Pairs:
 [(1, 61), (3, 59), (4, 58), (5, 57), (6, 56), (7, 55), (8, 54), (13, 32), (14, 31), (15, 30), (16, 29), (17, 28), (20, 27), (21, 26), (38, 53), (39, 52), (40, 51), (41, 50), (42, 49), (43, 48), (63, 87), (64, 86), (65, 85), (66, 84), (67, 83), (68, 82), (69, 81), (70, 80), (71, 79), (72, 78)]
Pairs:
 [1, 61, 3, 59, 4, 58, 5, 57, 6, 56, 7, 55, 8, 54, 13, 32, 14, 31, 15, 30, 16, 29, 17, 28, 20, 27, 21, 26, 38, 53, 39, 52, 40, 51, 41, 50, 42, 49, 43, 48, 63, 87, 64, 86, 65, 85, 66, 84, 67, 83, 68, 82, 69, 81, 70, 80, 71, 79, 72, 78]
Dot Bracket:
 .(.((((((....(((((..((....))))))).....((((((....)))))))))))).).((((((((((.....)))))))))).................
105


Iteration 7


setting environment up
running sampling algorithm
beginning Burn in iterations

Centroid Structure
Length:
 34
Pairs:
 [(1, 61), (2, 60), (3, 59), (4, 58), (5, 57), (6, 56), (7, 55), (8, 54), (13, 32), (14, 31), (15, 30), (16, 29), (17, 28), (20, 27), (21, 26), (38, 53), (39, 52), (40, 51), (41, 50), (42, 49), (63, 87), (64, 86), (65, 85), (66, 84), (67, 83), (68, 82), (69, 81), (70, 80), (71, 79), (72, 78), (90, 100), (91, 98), (92, 97), (96, 103)]
Pairs:
 [1, 61, 2, 60, 3, 59, 4, 58, 5, 57, 6, 56, 7, 55, 8, 54, 13, 32, 14, 31, 15, 30, 16, 29, 17, 28, 20, 27, 21, 26, 38, 53, 39, 52, 40, 51, 41, 50, 42, 49, 63, 87, 64, 86, 65, 85, 66, 84, 67, 83, 68, 82, 69, 81, 70, 80, 71, 79, 72, 78, 90, 100, 91, 98, 92, 97, 96, 103]
Dot Bracket:
 .((((((((....(((((..((....))))))).....(((((......))))))))))))).((((((((((.....))))))))))..(((...[)).)..].
105


Iteration 8


setting environment up
running sampling algorithm
beginning Burn in iterations

Centroid Structure
Length:
 32
Pairs:
 [(1, 61), (2, 60), (3, 59), (4, 58), (5, 57), (6, 56), (7, 55), (8, 54), (13, 32), (14, 31), (15, 30), (16, 29), (17, 28), (38, 53), (39, 52), (40, 51), (41, 50), (42, 49), (43, 48), (63, 87), (64, 86), (65, 85), (66, 84), (67, 83), (68, 82), (69, 81), (70, 80), (71, 79), (72, 78), (89, 98), (96, 103), (97, 102)]
Pairs:
 [1, 61, 2, 60, 3, 59, 4, 58, 5, 57, 6, 56, 7, 55, 8, 54, 13, 32, 14, 31, 15, 30, 16, 29, 17, 28, 38, 53, 39, 52, 40, 51, 41, 50, 42, 49, 43, 48, 63, 87, 64, 86, 65, 85, 66, 84, 67, 83, 68, 82, 69, 81, 70, 80, 71, 79, 72, 78, 89, 98, 96, 103, 97, 102]
Dot Bracket:
 .((((((((....(((((..........))))).....((((((....)))))))))))))).((((((((((.....)))))))))).(......[[)...]].
105


Iteration 9


setting environment up
running sampling algorithm
beginning Burn in iterations

Centroid Structure
Length:
 30
Pairs:
 [(1, 61), (4, 58), (5, 57), (6, 56), (7, 55), (8, 54), (9, 53), (10, 52), (13, 32), (14, 31), (15, 30), (16, 29), (17, 28), (20, 27), (21, 26), (40, 45), (60, 90), (63, 87), (64, 86), (66, 84), (67, 83), (68, 82), (69, 81), (70, 80), (71, 79), (72, 78), (88, 99), (89, 98), (91, 96), (97, 102)]
Pairs:
 [1, 61, 4, 58, 5, 57, 6, 56, 7, 55, 8, 54, 9, 53, 10, 52, 13, 32, 14, 31, 15, 30, 16, 29, 17, 28, 20, 27, 21, 26, 40, 45, 60, 90, 63, 87, 64, 86, 66, 84, 67, 83, 68, 82, 69, 81, 70, 80, 71, 79, 72, 78, 88, 99, 89, 98, 91, 96, 97, 102]
Dot Bracket:
 .(..(((((((..(((((..((....))))))).......(....)......))))))).[).[[.[[[[[[[.....]]]]]]].]]((](....)[))..]..
105


Iteration 10


setting environment up
running sampling algorithm
beginning Burn in iterations

Centroid Structure
Length:
 34
Pairs:
 [(1, 61), (2, 104), (3, 59), (4, 102), (5, 57), (6, 56), (7, 55), (8, 54), (13, 32), (14, 31), (15, 30), (16, 29), (17, 28), (20, 27), (21, 26), (36, 44), (38, 42), (39, 52), (40, 51), (41, 50), (63, 87), (64, 86), (65, 85), (66, 84), (67, 83), (68, 82), (69, 81), (70, 80), (71, 79), (72, 78), (88, 99), (89, 98), (90, 100), (92, 97)]
Pairs:
 [1, 61, 2, 104, 3, 59, 4, 102, 5, 57, 6, 56, 7, 55, 8, 54, 13, 32, 14, 31, 15, 30, 16, 29, 17, 28, 20, 27, 21, 26, 36, 44, 38, 42, 39, 52, 40, 51, 41, 50, 63, 87, 64, 86, 65, 85, 66, 84, 67, 83, 68, 82, 69, 81, 70, 80, 71, 79, 72, 78, 88, 99, 89, 98, 90, 100, 92, 97]
Dot Bracket:
 .([[(((((....(((((..((....)))))))...(.([[[).).....]]].)))).].).[[[[[[[[[[.....]]]]]]]]]][[(.(....)]]).).]
105


Iteration 11


setting environment up
running sampling algorithm
beginning Burn in iterations

Centroid Structure
Length:
 34
Pairs:
 [(0, 63), (1, 61), (2, 60), (3, 59), (4, 58), (5, 57), (6, 56), (7, 55), (8, 54), (9, 34), (13, 32), (14, 31), (15, 30), (16, 29), (17, 28), (20, 27), (21, 26), (38, 53), (39, 52), (40, 51), (41, 50), (42, 49), (43, 48), (68, 82), (69, 81), (70, 80), (71, 79), (72, 78), (83, 104), (84, 103), (88, 99), (89, 98), (91, 96), (97, 102)]
Pairs:
 [0, 63, 1, 61, 2, 60, 3, 59, 4, 58, 5, 57, 6, 56, 7, 55, 8, 54, 9, 34, 13, 32, 14, 31, 15, 30, 16, 29, 17, 28, 20, 27, 21, 26, 38, 53, 39, 52, 40, 51, 41, 50, 42, 49, 43, 48, 68, 82, 69, 81, 70, 80, 71, 79, 72, 78, 83, 104, 84, 103, 88, 99, 89, 98, 91, 96, 97, 102]
Dot Bracket:
 ((((((((((...(((((..((....))))))).)...((((((....)))))))))))))).)....(((((.....)))))((...((.(....)[))..]))
105


Iteration 12


setting environment up
running sampling algorithm
beginning Burn in iterations

Centroid Structure
Length:
 34
Pairs:
 [(1, 61), (2, 60), (3, 59), (4, 58), (5, 57), (6, 56), (7, 55), (8, 54), (13, 32), (14, 31), (15, 30), (16, 29), (17, 28), (19, 26), (20, 27), (38, 53), (39, 52), (40, 51), (41, 50), (42, 49), (63, 87), (64, 86), (65, 85), (66, 84), (67, 83), (68, 82), (69, 81), (70, 80), (71, 79), (72, 78), (90, 100), (91, 98), (96, 103), (97, 102)]
Pairs:
 [1, 61, 2, 60, 3, 59, 4, 58, 5, 57, 6, 56, 7, 55, 8, 54, 13, 32, 14, 31, 15, 30, 16, 29, 17, 28, 19, 26, 20, 27, 38, 53, 39, 52, 40, 51, 41, 50, 42, 49, 63, 87, 64, 86, 65, 85, 66, 84, 67, 83, 68, 82, 69, 81, 70, 80, 71, 79, 72, 78, 90, 100, 91, 98, 96, 103, 97, 102]
Dot Bracket:
 .((((((((....(((((.([.....)]))))).....[[[[[......]]]]])))))))).[[[[[[[[[[.....]]]]]]]]]]..[[....((].].)).
105


Iteration 13


setting environment up
running sampling algorithm
beginning Burn in iterations

Centroid Structure
Length:
 30
Pairs:
 [(1, 61), (4, 58), (5, 57), (6, 56), (7, 55), (8, 54), (9, 53), (10, 52), (13, 32), (14, 31), (15, 30), (16, 29), (17, 28), (41, 50), (42, 49), (43, 48), (63, 87), (64, 86), (65, 85), (66, 84), (67, 83), (68, 82), (69, 81), (70, 80), (71, 79), (72, 78), (88, 99), (89, 98), (90, 97), (96, 103)]
Pairs:
 [1, 61, 4, 58, 5, 57, 6, 56, 7, 55, 8, 54, 9, 53, 10, 52, 13, 32, 14, 31, 15, 30, 16, 29, 17, 28, 41, 50, 42, 49, 43, 48, 63, 87, 64, 86, 65, 85, 66, 84, 67, 83, 68, 82, 69, 81, 70, 80, 71, 79, 72, 78, 88, 99, 89, 98, 90, 97, 96, 103]
Dot Bracket:
 .(..(((((((..(((((..........)))))........(((....))).)))))))..).((((((((((.....))))))))))(((.....[)))...].
105


Iteration 14


setting environment up
running sampling algorithm
beginning Burn in iterations

Centroid Structure
Length:
 30
Pairs:
 [(1, 61), (4, 58), (5, 57), (6, 56), (7, 55), (8, 54), (9, 53), (10, 52), (13, 32), (14, 31), (15, 30), (16, 29), (17, 28), (39, 46), (40, 45), (41, 50), (42, 49), (62, 88), (63, 87), (64, 86), (65, 85), (66, 84), (67, 83), (68, 82), (69, 81), (70, 80), (71, 79), (72, 78), (96, 103), (97, 102)]
Pairs:
 [1, 61, 4, 58, 5, 57, 6, 56, 7, 55, 8, 54, 9, 53, 10, 52, 13, 32, 14, 31, 15, 30, 16, 29, 17, 28, 39, 46, 40, 45, 41, 50, 42, 49, 62, 88, 63, 87, 64, 86, 65, 85, 66, 84, 67, 83, 68, 82, 69, 81, 70, 80, 71, 79, 72, 78, 96, 103, 97, 102]
Dot Bracket:
 .(..(((((((..(((((..........)))))......(([[..))..]].)))))))..)[[[[[[[[[[[.....]]]]]]]]]]].......[[....]].
105


Iteration 15


setting environment up
running sampling algorithm
beginning Burn in iterations

Centroid Structure
Length:
 29
Pairs:
 [(2, 94), (4, 58), (5, 57), (6, 56), (7, 55), (8, 54), (9, 53), (13, 32), (14, 31), (15, 30), (16, 29), (17, 28), (39, 52), (41, 50), (42, 49), (43, 48), (62, 88), (63, 87), (64, 86), (65, 85), (66, 84), (67, 83), (68, 82), (69, 81), (70, 80), (71, 79), (72, 78), (96, 103), (97, 102)]
Pairs:
 [2, 94, 4, 58, 5, 57, 6, 56, 7, 55, 8, 54, 9, 53, 13, 32, 14, 31, 15, 30, 16, 29, 17, 28, 39, 52, 41, 50, 42, 49, 43, 48, 62, 88, 63, 87, 64, 86, 65, 85, 66, 84, 67, 83, 68, 82, 69, 81, 70, 80, 71, 79, 72, 78, 96, 103, 97, 102]
Dot Bracket:
 ..(.((((((...(((((..........)))))......(.(((....))).)))))))...(((((((((((.....))))))))))).....).((....)).
105


Iteration 16


setting environment up
running sampling algorithm
beginning Burn in iterations

Centroid Structure
Length:
 31
Pairs:
 [(1, 61), (3, 59), (4, 58), (5, 57), (6, 56), (7, 55), (8, 54), (13, 32), (14, 31), (15, 30), (16, 29), (17, 28), (20, 27), (21, 26), (38, 53), (39, 52), (40, 51), (41, 50), (42, 49), (43, 48), (63, 87), (66, 84), (67, 83), (68, 82), (69, 81), (70, 80), (71, 79), (72, 78), (88, 99), (89, 98), (90, 97)]
Pairs:
 [1, 61, 3, 59, 4, 58, 5, 57, 6, 56, 7, 55, 8, 54, 13, 32, 14, 31, 15, 30, 16, 29, 17, 28, 20, 27, 21, 26, 38, 53, 39, 52, 40, 51, 41, 50, 42, 49, 43, 48, 63, 87, 66, 84, 67, 83, 68, 82, 69, 81, 70, 80, 71, 79, 72, 78, 88, 99, 89, 98, 90, 97]
Dot Bracket:
 .(.((((((....(((((..((....))))))).....((((((....)))))))))))).).(..(((((((.....)))))))..)(((......))).....
105


Iteration 17


setting environment up
running sampling algorithm
beginning Burn in iterations

Centroid Structure
Length:
 35
Pairs:
 [(0, 63), (1, 61), (2, 60), (3, 59), (4, 58), (5, 57), (6, 56), (7, 55), (8, 54), (9, 34), (13, 32), (14, 31), (15, 30), (16, 29), (17, 28), (20, 27), (21, 26), (38, 47), (39, 52), (40, 51), (41, 50), (42, 49), (43, 48), (67, 83), (68, 82), (69, 81), (70, 80), (71, 79), (72, 78), (84, 103), (86, 102), (88, 99), (89, 98), (90, 97), (91, 96)]
Pairs:
 [0, 63, 1, 61, 2, 60, 3, 59, 4, 58, 5, 57, 6, 56, 7, 55, 8, 54, 9, 34, 13, 32, 14, 31, 15, 30, 16, 29, 17, 28, 20, 27, 21, 26, 38, 47, 39, 52, 40, 51, 41, 50, 42, 49, 43, 48, 67, 83, 68, 82, 69, 81, 70, 80, 71, 79, 72, 78, 84, 103, 86, 102, 88, 99, 89, 98, 90, 97, 91, 96]
Dot Bracket:
 ((((((((((...(((((..((....))))))).)...([[[[[...)]]]]].)))))))).)...[[[[[[.....]]]]]][.[.[[[[....]]]]..]].
105


Iteration 18


setting environment up
running sampling algorithm
beginning Burn in iterations

Centroid Structure
Length:
 35
Pairs:
 [(0, 63), (1, 61), (2, 60), (3, 59), (4, 58), (5, 57), (6, 56), (7, 55), (8, 54), (11, 34), (13, 32), (14, 31), (15, 30), (16, 29), (17, 28), (20, 25), (21, 26), (38, 53), (39, 52), (40, 51), (41, 50), (42, 49), (43, 48), (68, 82), (69, 81), (70, 80), (71, 79), (72, 78), (83, 104), (84, 103), (85, 102), (88, 99), (89, 98), (90, 97), (91, 96)]
Pairs:
 [0, 63, 1, 61, 2, 60, 3, 59, 4, 58, 5, 57, 6, 56, 7, 55, 8, 54, 11, 34, 13, 32, 14, 31, 15, 30, 16, 29, 17, 28, 20, 25, 21, 26, 38, 53, 39, 52, 40, 51, 41, 50, 42, 49, 43, 48, 68, 82, 69, 81, 70, 80, 71, 79, 72, 78, 83, 104, 84, 103, 85, 102, 88, 99, 89, 98, 90, 97, 91, 96]
Dot Bracket:
 (((((((((..(.(((((..([...)].))))).)...[[[[[[....]]]]]])))))))).)....[[[[[.....]]]]][[[..[[[[....]]]]..]]]
105


Iteration 19


setting environment up
running sampling algorithm
beginning Burn in iterations

Centroid Structure
Length:
 29
Pairs:
 [(1, 61), (2, 60), (3, 59), (4, 58), (5, 57), (6, 56), (7, 55), (8, 54), (13, 32), (14, 31), (15, 30), (16, 29), (17, 28), (19, 26), (20, 25), (38, 53), (39, 52), (40, 51), (41, 50), (42, 49), (65, 85), (67, 83), (68, 82), (69, 81), (70, 80), (71, 79), (72, 78), (84, 103), (88, 99)]
Pairs:
 [1, 61, 2, 60, 3, 59, 4, 58, 5, 57, 6, 56, 7, 55, 8, 54, 13, 32, 14, 31, 15, 30, 16, 29, 17, 28, 19, 26, 20, 25, 38, 53, 39, 52, 40, 51, 41, 50, 42, 49, 65, 85, 67, 83, 68, 82, 69, 81, 70, 80, 71, 79, 72, 78, 84, 103, 88, 99]
Dot Bracket:
 .((((((((....(((((.((....)).))))).....(((((......)))))))))))))...(.((((((.....))))))[)..[..........]...].
105
