Iteration 0

setting environment up
running sfold binary

Sfold Executable Code for Academic Users, Version 2.2-20110126
 Running partition function and statistical sampling module... done
 (general output in /home/chris/devtree/pseudoKnot_research/output/sfold.out)
 Running structure clustering module... done
 (general output in /home/chris/devtree/pseudoKnot_research/output/sclass.out)
Process completed. See output files in '/home/chris/devtree/pseudoKnot_research/output'.

running sampling algorithm
beginning Burn in iterations

Centroid Structure
Length:
 20
Pairs:
 [(1, 58), (2, 57), (3, 56), (4, 55), (5, 54), (6, 53), (7, 52), (8, 50), (9, 49), (10, 48), (11, 47), (26, 46), (27, 45), (28, 44), (29, 43), (30, 42), (31, 41), (32, 40), (33, 39), (34, 38)]
Pairs:
 [1, 58, 2, 57, 3, 56, 4, 55, 5, 54, 6, 53, 7, 52, 8, 50, 9, 49, 10, 48, 11, 47, 26, 46, 27, 45, 28, 44, 29, 43, 30, 42, 31, 41, 32, 40, 33, 39, 34, 38]
Dot Bracket:
 .(((((((((((..............(((((((((...))))))))))))).)))))))............
71


Iteration 1


setting environment up
running sampling algorithm
beginning Burn in iterations

Centroid Structure
Length:
 21
Pairs:
 [(0, 62), (1, 58), (2, 57), (3, 56), (4, 55), (5, 54), (6, 53), (7, 52), (8, 51), (9, 49), (10, 48), (11, 47), (26, 46), (27, 45), (28, 44), (29, 43), (30, 42), (31, 41), (32, 40), (33, 39), (34, 38)]
Pairs:
 [0, 62, 1, 58, 2, 57, 3, 56, 4, 55, 5, 54, 6, 53, 7, 52, 8, 51, 9, 49, 10, 48, 11, 47, 26, 46, 27, 45, 28, 44, 29, 43, 30, 42, 31, 41, 32, 40, 33, 39, 34, 38]
Dot Bracket:
 ((((((((((((..............(((((((((...)))))))))))).))))))))...)........
71


Iteration 2


setting environment up
running sampling algorithm
beginning Burn in iterations

Centroid Structure
Length:
 22
Pairs:
 [(0, 61), (1, 60), (2, 59), (3, 58), (4, 55), (5, 56), (6, 53), (7, 54), (10, 48), (11, 51), (16, 23), (17, 50), (18, 49), (20, 47), (26, 46), (27, 45), (28, 44), (29, 43), (30, 42), (31, 41), (32, 40), (33, 39)]
Pairs:
 [0, 61, 1, 60, 2, 59, 3, 58, 4, 55, 5, 56, 6, 53, 7, 54, 10, 48, 11, 51, 16, 23, 17, 50, 18, 49, 20, 47, 26, 46, 27, 45, 28, 44, 29, 43, 30, 42, 31, 41, 32, 40, 33, 39]
Dot Bracket:
 ((((([[(..([....[([.(..]..((((((((.....))))))))))])].]))].)))).........
71


Iteration 3


setting environment up
running sampling algorithm
beginning Burn in iterations

Centroid Structure
Length:
 23
Pairs:
 [(1, 58), (2, 57), (3, 56), (4, 55), (5, 54), (6, 53), (7, 52), (8, 51), (9, 49), (10, 48), (11, 47), (13, 20), (14, 19), (16, 42), (18, 40), (25, 33), (26, 46), (27, 45), (28, 44), (29, 43), (31, 41), (34, 38), (63, 67)]
Pairs:
 [1, 58, 2, 57, 3, 56, 4, 55, 5, 54, 6, 53, 7, 52, 8, 51, 9, 49, 10, 48, 11, 47, 13, 20, 14, 19, 16, 42, 18, 40, 25, 33, 26, 46, 27, 45, 28, 44, 29, 43, 31, 41, 34, 38, 63, 67]
Dot Bracket:
 .(((((((((((.((.[.[))....[((((.(.](...).])]))))))).))))))))....(...)...
71


Iteration 4


setting environment up
running sampling algorithm
beginning Burn in iterations

Centroid Structure
Length:
 22
Pairs:
 [(0, 61), (1, 60), (2, 59), (3, 58), (4, 57), (5, 56), (7, 52), (8, 53), (10, 51), (17, 50), (18, 49), (19, 48), (20, 47), (26, 46), (27, 45), (28, 44), (29, 43), (30, 42), (31, 41), (32, 40), (33, 39), (34, 38)]
Pairs:
 [0, 61, 1, 60, 2, 59, 3, 58, 4, 57, 5, 56, 7, 52, 8, 53, 10, 51, 17, 50, 18, 49, 19, 48, 20, 47, 26, 46, 27, 45, 28, 44, 29, 43, 30, 42, 31, 41, 32, 40, 33, 39, 34, 38]
Dot Bracket:
 ((((((.([.[......[[[[.....[[[[[[[[[...]]]]]]]]]]]]]])]..)))))).........
71


Iteration 5


setting environment up
running sampling algorithm
beginning Burn in iterations

Centroid Structure
Length:
 19
Pairs:
 [(1, 58), (2, 57), (3, 56), (4, 55), (5, 54), (6, 53), (7, 52), (9, 49), (10, 48), (11, 47), (26, 46), (27, 45), (28, 44), (29, 43), (30, 42), (31, 41), (32, 40), (33, 39), (34, 38)]
Pairs:
 [1, 58, 2, 57, 3, 56, 4, 55, 5, 54, 6, 53, 7, 52, 9, 49, 10, 48, 11, 47, 26, 46, 27, 45, 28, 44, 29, 43, 30, 42, 31, 41, 32, 40, 33, 39, 34, 38]
Dot Bracket:
 .(((((((.(((..............(((((((((...))))))))))))..)))))))............
71


Iteration 6


setting environment up
running sampling algorithm
beginning Burn in iterations

Centroid Structure
Length:
 19
Pairs:
 [(1, 58), (2, 57), (3, 56), (4, 55), (5, 54), (6, 53), (7, 52), (9, 49), (10, 48), (11, 47), (26, 46), (27, 45), (28, 44), (29, 43), (30, 42), (31, 41), (32, 40), (33, 39), (34, 38)]
Pairs:
 [1, 58, 2, 57, 3, 56, 4, 55, 5, 54, 6, 53, 7, 52, 9, 49, 10, 48, 11, 47, 26, 46, 27, 45, 28, 44, 29, 43, 30, 42, 31, 41, 32, 40, 33, 39, 34, 38]
Dot Bracket:
 .(((((((.(((..............(((((((((...))))))))))))..)))))))............
71


Iteration 7


setting environment up
running sampling algorithm
beginning Burn in iterations

Centroid Structure
Length:
 19
Pairs:
 [(1, 58), (2, 57), (3, 56), (4, 55), (5, 54), (6, 53), (7, 52), (8, 50), (9, 49), (11, 47), (26, 46), (27, 45), (28, 44), (29, 43), (30, 42), (31, 41), (32, 40), (33, 39), (34, 38)]
Pairs:
 [1, 58, 2, 57, 3, 56, 4, 55, 5, 54, 6, 53, 7, 52, 8, 50, 9, 49, 11, 47, 26, 46, 27, 45, 28, 44, 29, 43, 30, 42, 31, 41, 32, 40, 33, 39, 34, 38]
Dot Bracket:
 .(((((((((.(..............(((((((((...)))))))))).)).)))))))............
71


Iteration 8


setting environment up
running sampling algorithm
beginning Burn in iterations

Centroid Structure
Length:
 21
Pairs:
 [(1, 58), (2, 57), (3, 56), (4, 55), (5, 54), (6, 53), (7, 52), (8, 51), (9, 49), (10, 48), (11, 47), (13, 21), (26, 46), (27, 45), (28, 44), (29, 43), (30, 42), (31, 41), (32, 40), (33, 39), (34, 38)]
Pairs:
 [1, 58, 2, 57, 3, 56, 4, 55, 5, 54, 6, 53, 7, 52, 8, 51, 9, 49, 10, 48, 11, 47, 13, 21, 26, 46, 27, 45, 28, 44, 29, 43, 30, 42, 31, 41, 32, 40, 33, 39, 34, 38]
Dot Bracket:
 .(((((((((((.(.......)....(((((((((...)))))))))))).))))))))............
71


Iteration 9


setting environment up
running sampling algorithm
beginning Burn in iterations

Centroid Structure
Length:
 22
Pairs:
 [(1, 58), (2, 57), (3, 56), (4, 55), (5, 54), (6, 53), (7, 52), (8, 51), (11, 47), (14, 19), (17, 50), (18, 49), (26, 46), (27, 45), (28, 44), (29, 43), (30, 42), (31, 41), (32, 40), (33, 39), (34, 38), (63, 67)]
Pairs:
 [1, 58, 2, 57, 3, 56, 4, 55, 5, 54, 6, 53, 7, 52, 8, 51, 11, 47, 14, 19, 17, 50, 18, 49, 26, 46, 27, 45, 28, 44, 29, 43, 30, 42, 31, 41, 32, 40, 33, 39, 34, 38, 63, 67]
Dot Bracket:
 .((((((((..(..(..[[)......[[[[[[[[[...]]]]]]]]]).]]))))))))....[...]...
71


Iteration 10


setting environment up
running sampling algorithm
beginning Burn in iterations

Centroid Structure
Length:
 26
Pairs:
 [(0, 60), (1, 58), (2, 57), (3, 56), (4, 55), (5, 54), (6, 53), (7, 52), (8, 51), (9, 49), (10, 48), (11, 47), (13, 20), (14, 19), (16, 23), (17, 22), (26, 46), (27, 45), (28, 44), (29, 43), (30, 42), (31, 41), (32, 40), (33, 39), (34, 38), (63, 67)]
Pairs:
 [0, 60, 1, 58, 2, 57, 3, 56, 4, 55, 5, 54, 6, 53, 7, 52, 8, 51, 9, 49, 10, 48, 11, 47, 13, 20, 14, 19, 16, 23, 17, 22, 26, 46, 27, 45, 28, 44, 29, 43, 30, 42, 31, 41, 32, 40, 33, 39, 34, 38, 63, 67]
Dot Bracket:
 ((((((((((((.((.[[.)).]]..[[[[[[[[[...]]]]]]]]]))).)))))))).)..[...]...
71


Iteration 11


setting environment up
running sampling algorithm
beginning Burn in iterations

Centroid Structure
Length:
 22
Pairs:
 [(0, 60), (1, 58), (2, 57), (3, 56), (4, 55), (5, 54), (6, 53), (7, 52), (8, 51), (11, 47), (17, 50), (18, 49), (19, 48), (26, 46), (27, 45), (28, 44), (29, 43), (30, 42), (31, 41), (32, 40), (33, 39), (34, 38)]
Pairs:
 [0, 60, 1, 58, 2, 57, 3, 56, 4, 55, 5, 54, 6, 53, 7, 52, 8, 51, 11, 47, 17, 50, 18, 49, 19, 48, 26, 46, 27, 45, 28, 44, 29, 43, 30, 42, 31, 41, 32, 40, 33, 39, 34, 38]
Dot Bracket:
 (((((((((..(.....[[[......[[[[[[[[[...]]]]]]]]])]]])))))))).)..........
71


Iteration 12


setting environment up
running sampling algorithm
beginning Burn in iterations

Centroid Structure
Length:
 21
Pairs:
 [(0, 61), (2, 57), (3, 56), (4, 55), (5, 54), (6, 53), (7, 52), (9, 49), (10, 48), (11, 47), (13, 21), (17, 50), (26, 46), (27, 45), (28, 44), (29, 43), (30, 42), (31, 41), (32, 40), (33, 39), (34, 38)]
Pairs:
 [0, 61, 2, 57, 3, 56, 4, 55, 5, 54, 6, 53, 7, 52, 9, 49, 10, 48, 11, 47, 13, 21, 17, 50, 26, 46, 27, 45, 28, 44, 29, 43, 30, 42, 31, 41, 32, 40, 33, 39, 34, 38]
Dot Bracket:
 (.((((((.(((.(...[...)....[[[[[[[[[...]]]]]]]]])))].))))))...).........
71


Iteration 13


setting environment up
running sampling algorithm
beginning Burn in iterations

Centroid Structure
Length:
 20
Pairs:
 [(1, 58), (2, 57), (3, 56), (4, 55), (5, 54), (6, 53), (7, 52), (9, 49), (10, 48), (11, 47), (14, 20), (26, 46), (27, 45), (28, 44), (29, 43), (30, 42), (31, 41), (32, 40), (33, 39), (34, 38)]
Pairs:
 [1, 58, 2, 57, 3, 56, 4, 55, 5, 54, 6, 53, 7, 52, 9, 49, 10, 48, 11, 47, 14, 20, 26, 46, 27, 45, 28, 44, 29, 43, 30, 42, 31, 41, 32, 40, 33, 39, 34, 38]
Dot Bracket:
 .(((((((.(((..(.....).....(((((((((...))))))))))))..)))))))............
71


Iteration 14


setting environment up
running sampling algorithm
beginning Burn in iterations

Centroid Structure
Length:
 18
Pairs:
 [(1, 58), (2, 57), (3, 56), (4, 55), (5, 54), (6, 53), (7, 52), (9, 49), (10, 48), (26, 46), (27, 45), (28, 44), (29, 43), (30, 42), (31, 41), (32, 40), (33, 39), (34, 38)]
Pairs:
 [1, 58, 2, 57, 3, 56, 4, 55, 5, 54, 6, 53, 7, 52, 9, 49, 10, 48, 26, 46, 27, 45, 28, 44, 29, 43, 30, 42, 31, 41, 32, 40, 33, 39, 34, 38]
Dot Bracket:
 .(((((((.((...............(((((((((...))))))))).))..)))))))............
71


Iteration 15


setting environment up
running sampling algorithm
beginning Burn in iterations

Centroid Structure
Length:
 18
Pairs:
 [(2, 57), (3, 56), (4, 55), (5, 54), (6, 53), (7, 52), (8, 50), (10, 48), (15, 43), (16, 42), (17, 41), (18, 40), (20, 47), (26, 46), (27, 45), (28, 44), (33, 39), (34, 38)]
Pairs:
 [2, 57, 3, 56, 4, 55, 5, 54, 6, 53, 7, 52, 8, 50, 10, 48, 15, 43, 16, 42, 17, 41, 18, 40, 20, 47, 26, 46, 27, 45, 28, 44, 33, 39, 34, 38]
Dot Bracket:
 ..(((((((.(....((((.[.....[[[....[[...]]))))]]]]).).)))))).............
71


Iteration 16


setting environment up
running sampling algorithm
beginning Burn in iterations

Centroid Structure
Length:
 19
Pairs:
 [(1, 58), (2, 57), (3, 56), (4, 55), (5, 54), (6, 53), (7, 52), (9, 49), (10, 48), (11, 47), (26, 46), (27, 45), (28, 44), (29, 43), (30, 42), (31, 41), (32, 40), (33, 39), (34, 38)]
Pairs:
 [1, 58, 2, 57, 3, 56, 4, 55, 5, 54, 6, 53, 7, 52, 9, 49, 10, 48, 11, 47, 26, 46, 27, 45, 28, 44, 29, 43, 30, 42, 31, 41, 32, 40, 33, 39, 34, 38]
Dot Bracket:
 .(((((((.(((..............(((((((((...))))))))))))..)))))))............
71


Iteration 17


setting environment up
running sampling algorithm
beginning Burn in iterations

Centroid Structure
Length:
 20
Pairs:
 [(1, 58), (2, 57), (3, 56), (4, 55), (5, 54), (6, 53), (7, 52), (8, 50), (9, 49), (10, 48), (11, 47), (26, 46), (27, 45), (28, 44), (29, 43), (30, 42), (31, 41), (32, 40), (33, 39), (34, 38)]
Pairs:
 [1, 58, 2, 57, 3, 56, 4, 55, 5, 54, 6, 53, 7, 52, 8, 50, 9, 49, 10, 48, 11, 47, 26, 46, 27, 45, 28, 44, 29, 43, 30, 42, 31, 41, 32, 40, 33, 39, 34, 38]
Dot Bracket:
 .(((((((((((..............(((((((((...))))))))))))).)))))))............
71


Iteration 18


setting environment up
running sampling algorithm
beginning Burn in iterations

Centroid Structure
Length:
 21
Pairs:
 [(1, 58), (2, 57), (3, 56), (4, 55), (5, 54), (6, 53), (7, 52), (9, 49), (10, 48), (11, 47), (12, 22), (14, 20), (26, 46), (27, 45), (28, 44), (29, 43), (30, 42), (31, 41), (32, 40), (33, 39), (34, 38)]
Pairs:
 [1, 58, 2, 57, 3, 56, 4, 55, 5, 54, 6, 53, 7, 52, 9, 49, 10, 48, 11, 47, 12, 22, 14, 20, 26, 46, 27, 45, 28, 44, 29, 43, 30, 42, 31, 41, 32, 40, 33, 39, 34, 38]
Dot Bracket:
 .(((((((.((((.(.....).)...(((((((((...))))))))))))..)))))))............
71


Iteration 19


setting environment up
running sampling algorithm
beginning Burn in iterations

Centroid Structure
Length:
 20
Pairs:
 [(1, 58), (2, 57), (3, 56), (4, 55), (5, 54), (6, 53), (7, 52), (8, 51), (9, 49), (10, 48), (11, 47), (26, 46), (27, 45), (28, 44), (29, 43), (30, 42), (31, 41), (32, 40), (33, 39), (34, 38)]
Pairs:
 [1, 58, 2, 57, 3, 56, 4, 55, 5, 54, 6, 53, 7, 52, 8, 51, 9, 49, 10, 48, 11, 47, 26, 46, 27, 45, 28, 44, 29, 43, 30, 42, 31, 41, 32, 40, 33, 39, 34, 38]
Dot Bracket:
 .(((((((((((..............(((((((((...)))))))))))).))))))))............
71
