1000 Burnin

Iteration 0

setting environment up
running sfold binary

Sfold Executable Code for Academic Users, Version 2.2-20110126
 Running partition function and statistical sampling module... done
 (general output in /home/chris/devtree/pseudoKnot_research/output/sfold.out)
 Running structure clustering module... done
 (general output in /home/chris/devtree/pseudoKnot_research/output/sclass.out)
Process completed. See output files in '/home/chris/devtree/pseudoKnot_research/output'.

running sampling algorithm
beginning Burn in iterations

Centroid Structure
Length:
 37
Pairs:
 [(1, 118), (2, 117), (3, 116), (4, 115), (5, 114), (6, 113), (7, 112), (8, 111), (9, 110), (10, 109), (11, 108), (13, 106), (14, 105), (15, 104), (18, 65), (19, 64), (20, 63), (21, 62), (22, 61), (23, 60), (28, 56), (29, 55), (30, 54), (32, 50), (33, 40), (35, 45), (42, 51), (44, 49), (69, 77), (70, 76), (71, 75), (79, 99), (80, 98), (81, 97), (83, 92), (84, 91), (85, 90)]
Pairs:
 [1, 118, 2, 117, 3, 116, 4, 115, 5, 114, 6, 113, 7, 112, 8, 111, 9, 110, 10, 109, 11, 108, 13, 106, 14, 105, 15, 104, 18, 65, 19, 64, 20, 63, 21, 62, 22, 61, 23, 60, 28, 56, 29, 55, 30, 54, 32, 50, 33, 40, 35, 45, 42, 51, 44, 49, 69, 77, 70, 76, 71, 75, 79, 99, 80, 98, 81, 97, 83, 92, 84, 91, 85, 90]
Dot Bracket:
 .(((((((((((.(((..((((((....(((.((.[....).(.(]...)))..)))...))))))...(((...))).(((.(((....)))....)))....))).))))))))))).
120


Iteration 1


setting environment up
running sampling algorithm
beginning Burn in iterations

Centroid Structure
Length:
 36
Pairs:
 [(1, 118), (2, 117), (3, 116), (4, 115), (5, 114), (6, 113), (7, 112), (10, 109), (12, 108), (13, 106), (14, 105), (15, 104), (16, 102), (18, 37), (20, 30), (21, 28), (22, 33), (23, 32), (24, 31), (38, 101), (39, 99), (40, 98), (42, 97), (43, 95), (48, 84), (50, 82), (51, 81), (52, 76), (53, 75), (54, 74), (55, 73), (60, 69), (61, 68), (62, 67), (83, 92), (85, 93)]
Pairs:
 [1, 118, 2, 117, 3, 116, 4, 115, 5, 114, 6, 113, 7, 112, 10, 109, 12, 108, 13, 106, 14, 105, 15, 104, 16, 102, 18, 37, 20, 30, 21, 28, 22, 33, 23, 32, 24, 31, 38, 101, 39, 99, 40, 98, 42, 97, 43, 95, 48, 84, 50, 82, 51, 81, 52, 76, 53, 75, 54, 74, 55, 73, 60, 69, 61, 68, 62, 67, 83, 92, 85, 93]
Dot Bracket:
 .(((((((..(.(((((.(.(([[[...).)]]]...)[[[.[[....[.[[[[[[....[[[....]]]...]]]]....]](][......)].].]]].]).))).))..))))))).
120


Iteration 2


setting environment up
running sampling algorithm
beginning Burn in iterations

Centroid Structure
Length:
 39
Pairs:
 [(1, 118), (2, 117), (3, 116), (4, 115), (5, 114), (6, 113), (7, 112), (8, 111), (9, 110), (10, 109), (11, 108), (13, 106), (14, 105), (15, 104), (18, 38), (19, 64), (20, 36), (21, 35), (23, 60), (28, 56), (29, 55), (32, 50), (33, 49), (34, 48), (39, 99), (40, 98), (41, 97), (43, 95), (44, 94), (51, 77), (52, 76), (53, 75), (61, 68), (74, 101), (79, 96), (82, 93), (83, 92), (84, 91), (85, 90)]
Pairs:
 [1, 118, 2, 117, 3, 116, 4, 115, 5, 114, 6, 113, 7, 112, 8, 111, 9, 110, 10, 109, 11, 108, 13, 106, 14, 105, 15, 104, 18, 38, 19, 64, 20, 36, 21, 35, 23, 60, 28, 56, 29, 55, 32, 50, 33, 49, 34, 48, 39, 99, 40, 98, 41, 97, 43, 95, 44, 94, 51, 77, 52, 76, 53, 75, 61, 68, 74, 101, 79, 96, 82, 93, 83, 92, 84, 91, 85, 90]
Dot Bracket:
 .(((((((((((.(((..([[[.(....[[..[[[]].)[[[.[[...]]][[[.]]...)(..]...).....[]]].[..((((....))))]]]]]].]..))).))))))))))).
120


Iteration 3


setting environment up
running sampling algorithm
beginning Burn in iterations

Centroid Structure
Length:
 37
Pairs:
 [(1, 118), (2, 117), (3, 116), (4, 115), (5, 114), (6, 113), (7, 112), (8, 111), (9, 110), (10, 109), (11, 108), (13, 106), (14, 105), (15, 104), (18, 37), (19, 36), (22, 33), (23, 32), (24, 31), (38, 101), (41, 98), (43, 95), (44, 94), (48, 77), (49, 76), (50, 71), (51, 63), (52, 69), (53, 61), (54, 60), (55, 59), (66, 80), (67, 79), (82, 93), (83, 92), (84, 91), (85, 90)]
Pairs:
 [1, 118, 2, 117, 3, 116, 4, 115, 5, 114, 6, 113, 7, 112, 8, 111, 9, 110, 10, 109, 11, 108, 13, 106, 14, 105, 15, 104, 18, 37, 19, 36, 22, 33, 23, 32, 24, 31, 38, 101, 41, 98, 43, 95, 44, 94, 48, 77, 49, 76, 50, 71, 51, 63, 52, 69, 53, 61, 54, 60, 55, 59, 66, 80, 67, 79, 82, 93, 83, 92, 84, 91, 85, 90]
Dot Bracket:
 .(((((((((((.(((..((..(((......)))..))(..(.((...(((([[[[...]]].)..([.].)....)).]).((((....))))))..)..)..))).))))))))))).
120


Iteration 4


setting environment up
running sampling algorithm
beginning Burn in iterations

Centroid Structure
Length:
 30
Pairs:
 [(1, 118), (2, 117), (3, 116), (4, 115), (5, 114), (6, 113), (7, 112), (8, 111), (9, 110), (10, 109), (11, 108), (13, 106), (14, 105), (15, 104), (16, 68), (17, 67), (18, 65), (19, 64), (20, 63), (21, 62), (23, 60), (28, 56), (29, 55), (31, 51), (32, 50), (33, 49), (82, 93), (83, 92), (84, 91), (85, 90)]
Pairs:
 [1, 118, 2, 117, 3, 116, 4, 115, 5, 114, 6, 113, 7, 112, 8, 111, 9, 110, 10, 109, 11, 108, 13, 106, 14, 105, 15, 104, 16, 68, 17, 67, 18, 65, 19, 64, 20, 63, 21, 62, 23, 60, 28, 56, 29, 55, 31, 51, 32, 50, 33, 49, 82, 93, 83, 92, 84, 91, 85, 90]
Dot Bracket:
 .(((((((((((.(((((((((.(....((.(((...............)))...))...).)))).)).............((((....))))..........))).))))))))))).
120


Iteration 5


setting environment up
running sampling algorithm
beginning Burn in iterations

Centroid Structure
Length:
 38
Pairs:
 [(1, 118), (2, 117), (3, 116), (4, 115), (5, 114), (6, 113), (7, 112), (8, 111), (10, 109), (11, 108), (14, 105), (15, 104), (17, 67), (19, 64), (26, 57), (28, 56), (29, 55), (30, 54), (32, 50), (33, 47), (34, 46), (35, 45), (36, 44), (37, 101), (42, 97), (43, 96), (52, 76), (53, 75), (61, 68), (69, 106), (74, 103), (77, 100), (79, 99), (80, 98), (82, 93), (83, 92), (84, 91), (85, 90)]
Pairs:
 [1, 118, 2, 117, 3, 116, 4, 115, 5, 114, 6, 113, 7, 112, 8, 111, 10, 109, 11, 108, 14, 105, 15, 104, 17, 67, 19, 64, 26, 57, 28, 56, 29, 55, 30, 54, 32, 50, 33, 47, 34, 46, 35, 45, 36, 44, 37, 101, 42, 97, 43, 96, 52, 76, 53, 75, 61, 68, 69, 106, 74, 103, 77, 100, 79, 99, 80, 98, 82, 93, 83, 92, 84, 91, 85, 90]
Dot Bracket:
 .((((((((.((..((.(.(......(.(((.((((([....[[))))..).[[))))...[..)..)](....(]](.((.((((....))))..]])))].)))).)).)))))))).
120


Iteration 6


setting environment up
running sampling algorithm
beginning Burn in iterations

Centroid Structure
Length:
 28
Pairs:
 [(1, 118), (2, 117), (3, 116), (4, 115), (5, 114), (6, 113), (7, 112), (9, 110), (10, 109), (11, 108), (14, 105), (16, 68), (18, 65), (19, 64), (20, 63), (21, 62), (22, 61), (23, 60), (28, 56), (30, 54), (31, 51), (32, 50), (33, 49), (35, 45), (82, 93), (83, 92), (84, 91), (85, 90)]
Pairs:
 [1, 118, 2, 117, 3, 116, 4, 115, 5, 114, 6, 113, 7, 112, 9, 110, 10, 109, 11, 108, 14, 105, 16, 68, 18, 65, 19, 64, 20, 63, 21, 62, 22, 61, 23, 60, 28, 56, 30, 54, 31, 51, 32, 50, 33, 49, 35, 45, 82, 93, 83, 92, 84, 91, 85, 90]
Dot Bracket:
 .(((((((.(((..(.(.((((((....(.((((.(.........)...)))..).)...))))))..).............((((....))))...........)..))).))))))).
120


Iteration 7


setting environment up
running sampling algorithm
beginning Burn in iterations

Centroid Structure
Length:
 39
Pairs:
 [(1, 118), (2, 117), (3, 116), (4, 115), (5, 114), (6, 113), (7, 112), (8, 111), (9, 110), (10, 109), (11, 108), (15, 69), (16, 68), (17, 67), (18, 65), (19, 64), (20, 63), (21, 62), (22, 61), (23, 60), (26, 57), (28, 56), (29, 55), (30, 54), (31, 51), (32, 50), (33, 47), (35, 45), (36, 44), (70, 105), (71, 104), (75, 102), (77, 100), (80, 98), (81, 97), (82, 93), (83, 92), (84, 91), (85, 90)]
Pairs:
 [1, 118, 2, 117, 3, 116, 4, 115, 5, 114, 6, 113, 7, 112, 8, 111, 9, 110, 10, 109, 11, 108, 15, 69, 16, 68, 17, 67, 18, 65, 19, 64, 20, 63, 21, 62, 22, 61, 23, 60, 26, 57, 28, 56, 29, 55, 30, 54, 31, 51, 32, 50, 33, 47, 35, 45, 36, 44, 70, 105, 71, 104, 75, 102, 77, 100, 80, 98, 81, 97, 82, 93, 83, 92, 84, 91, 85, 90]
Dot Bracket:
 .(((((((((((...(((((((((..(.((((((.((.......)).)..))..))))..)))))).)))((...(.(..((((((....))))...)).).).))..))))))))))).
120


Iteration 8


setting environment up
running sampling algorithm
beginning Burn in iterations

Centroid Structure
Length:
 42
Pairs:
 [(1, 118), (2, 117), (3, 116), (4, 115), (5, 114), (6, 113), (7, 112), (8, 111), (9, 110), (10, 109), (11, 108), (13, 106), (14, 105), (16, 68), (18, 65), (19, 64), (20, 63), (22, 33), (26, 57), (28, 56), (30, 54), (31, 51), (32, 50), (35, 45), (36, 44), (46, 102), (47, 101), (49, 99), (52, 76), (53, 75), (55, 73), (60, 69), (62, 67), (71, 104), (74, 103), (77, 100), (80, 98), (81, 97), (82, 93), (83, 92), (84, 91), (85, 90)]
Pairs:
 [1, 118, 2, 117, 3, 116, 4, 115, 5, 114, 6, 113, 7, 112, 8, 111, 9, 110, 10, 109, 11, 108, 13, 106, 14, 105, 16, 68, 18, 65, 19, 64, 20, 63, 22, 33, 26, 57, 28, 56, 30, 54, 31, 51, 32, 50, 35, 45, 36, 44, 46, 102, 47, 101, 49, 99, 52, 76, 53, 75, 55, 73, 60, 69, 62, 67, 71, 104, 74, 103, 77, 100, 80, 98, 81, 97, 82, 93, 83, 92, 84, 91, 85, 90]
Dot Bracket:
 .(((((((((((.((.(.(((.(...[.[.[[[).[[.......]]([.[]][[][]]..[.[))).])].(.][]][..((((((....))))...))]]])]))).))))))))))).
120


Iteration 9


setting environment up
running sampling algorithm
beginning Burn in iterations

Centroid Structure
Length:
 25
Pairs:
 [(1, 118), (2, 117), (3, 116), (4, 115), (5, 114), (6, 113), (7, 112), (8, 111), (9, 110), (10, 109), (11, 108), (18, 65), (19, 64), (21, 62), (22, 61), (23, 60), (28, 56), (29, 55), (33, 49), (35, 45), (71, 104), (82, 93), (83, 92), (84, 91), (85, 90)]
Pairs:
 [1, 118, 2, 117, 3, 116, 4, 115, 5, 114, 6, 113, 7, 112, 8, 111, 9, 110, 10, 109, 11, 108, 18, 65, 19, 64, 21, 62, 22, 61, 23, 60, 28, 56, 29, 55, 33, 49, 35, 45, 71, 104, 82, 93, 83, 92, 84, 91, 85, 90]
Dot Bracket:
 .(((((((((((......((.(((....((...(.(.........)...).....))...))).)).....(..........((((....))))..........)...))))))))))).
120


Iteration 10


setting environment up
running sampling algorithm
